-0.46528936	-0.31846519	-0.74727687	-0.56963835	0.03030222	0.03455533	-0.47458613	-0.39230965
-0.46361933	-0.31423405	-0.74230536	-0.57731094	0.02970013	0.03119535	-0.49361733	-0.40294534
-0.46216249	-0.31004087	-0.73700262	-0.58450132	0.02917350	0.02739935	-0.51285773	-0.41311708
-0.46054419	-0.30593865	-0.73181430	-0.59154981	0.02892346	0.02380189	-0.53277510	-0.42297238
-0.45890498	-0.30170834	-0.72649311	-0.59896269	0.02829651	0.01990564	-0.55253433	-0.43228695
-0.45710765	-0.29780829	-0.72104605	-0.60590598	0.02779544	0.01617667	-0.57284191	-0.44140898
-0.45532547	-0.29387038	-0.71571943	-0.61278415	0.02711133	0.01258164	-0.59302490	-0.45001649
-0.45370600	-0.28975107	-0.70999698	-0.61984633	0.02679120	0.00848859	-0.61356561	-0.45813833
-0.45160036	-0.28614775	-0.70441974	-0.62686483	0.02628947	0.00447756	-0.63428030	-0.46603824
-0.44970560	-0.28226251	-0.69868042	-0.63357284	0.02561980	0.00014570	-0.65540005	-0.47345846
-0.44749051	-0.27846955	-0.69294013	-0.64044294	0.02493918	-0.00339300	-0.67635516	-0.48080128
-0.44559597	-0.27485019	-0.68719220	-0.64719846	0.02434486	-0.00748627	-0.69775632	-0.48739140
-0.44350620	-0.27108023	-0.68109687	-0.65364448	0.02379720	-0.01150440	-0.71909924	-0.49375064
-0.44145299	-0.26728870	-0.67517427	-0.66031747	0.02326562	-0.01561689	-0.74092953	-0.49971248
-0.43912694	-0.26372024	-0.66899778	-0.66655811	0.02251692	-0.01990544	-0.76264487	-0.50561886
-0.43672313	-0.26055324	-0.66297989	-0.67300435	0.02197272	-0.02405322	-0.78440290	-0.51095148
-0.43450045	-0.25695165	-0.65674094	-0.67923080	0.02104698	-0.02812340	-0.80643196	-0.51580413
-0.43206823	-0.25356913	-0.65051709	-0.68550898	0.02027710	-0.03227757	-0.82839282	-0.52038004
-0.42965193	-0.25009381	-0.64415893	-0.69119647	0.01963184	-0.03663896	-0.85060221	-0.52474662
-0.42717172	-0.24680457	-0.63776009	-0.69736945	0.01897467	-0.04101412	-0.87273299	-0.52884053
-0.42471104	-0.24354929	-0.63174409	-0.70304337	0.01804413	-0.04512358	-0.89470467	-0.53252064
-0.42252769	-0.24038262	-0.62537440	-0.70879345	0.01723477	-0.04968773	-0.91674631	-0.53599366
-0.41985290	-0.23707221	-0.61915163	-0.71422024	0.01649460	-0.05382253	-0.93882869	-0.53898130
-0.41732637	-0.23424703	-0.61243539	-0.71944838	0.01563654	-0.05827733	-0.96074539	-0.54181898
-0.41470962	-0.23087143	-0.60608422	-0.72456505	0.01485974	-0.06274965	-0.98270253	-0.54429841
-0.41204241	-0.22807994	-0.59994966	-0.72977474	0.01389858	-0.06681095	-1.00478396	-0.54668942
-0.40911656	-0.22488687	-0.59337484	-0.73462463	0.01294671	-0.07141501	-1.02639855	-0.54856181
-0.40666514	-0.22196473	-0.58668439	-0.73939834	0.01197190	-0.07557894	-1.04790322	-0.55015468
-0.40342850	-0.21908299	-0.58024781	-0.74400007	0.01114128	-0.08022914	-1.06938599	-0.55173909
-0.40099720	-0.21598885	-0.57384417	-0.74850324	0.01013040	-0.08435784	-1.09064940	-0.55299760
-0.39813017	-0.21330984	-0.56738344	-0.75258444	0.00899092	-0.08883260	-1.11181698	-0.55378631
-0.39540550	-0.21031960	-0.56107168	-0.75687931	0.00790402	-0.09311663	-1.13256370	-0.55464932
-0.39261156	-0.20756724	-0.55437469	-0.76074528	0.00697262	-0.09721002	-1.15292889	-0.55506215
-0.38962747	-0.20481034	-0.54801109	-0.76438039	0.00576762	-0.10176555	-1.17337724	-0.55567123
-0.38683803	-0.20243140	-0.54164430	-0.76820618	0.00482674	-0.10588150	-1.19327354	-0.55539817
-0.38396227	-0.19956424	-0.53513376	-0.77155563	0.00347921	-0.11023724	-1.21295767	-0.55527793
-0.38108272	-0.19690743	-0.52859490	-0.77470996	0.00253221	-0.11439906	-1.23245770	-0.55506525
-0.37821715	-0.19437784	-0.52238158	-0.77777249	0.00117385	-0.11884836	-1.25132095	-0.55434593
-0.37533704	-0.19171926	-0.51598310	-0.78071607	0.00013167	-0.12296283	-1.27005051	-0.55369270
-0.37230924	-0.18934765	-0.50962293	-0.78313040	-0.00100228	-0.12711222	-1.28797271	-0.55282777
-0.36947504	-0.18684703	-0.50333253	-0.78567060	-0.00226461	-0.13133974	-1.30585486	-0.55195446
-0.36634359	-0.18441526	-0.49693915	-0.78804948	-0.00359453	-0.13537183	-1.32325032	-0.55085579
-0.36339779	-0.18215735	-0.49075196	-0.79006255	-0.00483948	-0.13935045	-1.34011162	-0.54916275
-0.36050769	-0.17964644	-0.48447270	-0.79176639	-0.00629973	-0.14350936	-1.35630930	-0.54774749
-0.35753288	-0.17739434	-0.47785436	-0.79334377	-0.00753660	-0.14741730	-1.37198144	-0.54614498
-0.35464871	-0.17500856	-0.47185412	-0.79496375	-0.00881867	-0.15125935	-1.38731695	-0.54438943
-0.35168773	-0.17271869	-0.46557383	-0.79600310	-0.01016367	-0.15506765	-1.40223060	-0.54223359
-0.34879670	-0.17057894	-0.45955668	-0.79713552	-0.01166772	-0.15917199	-1.41637205	-0.54008801
-0.34569448	-0.16844505	-0.45349411	-0.79816322	-0.01298220	-0.16282347	-1.43003151	-0.53797141
-0.34268806	-0.16622807	-0.44750495	-0.79864722	-0.01439862	-0.16649797	-1.44331530	-0.53572072
-0.33988173	-0.16404595	-0.44156169	-0.79918451	-0.01587805	-0.17027265	-1.45575596	-0.53332648
-0.33677261	-0.16191388	-0.43545283	-0.79930687	-0.01730286	-0.17398950	-1.46753328	-0.53065776
-0.33387867	-0.15994702	-0.42955154	-0.79930566	-0.01866449	-0.17744362	-1.47853930	-0.52821438
-0.33073127	-0.15788980	-0.42351464	-0.79937485	-0.02027932	-0.18073735	-1.48927001	-0.52556312
-0.32776026	-0.15591481	-0.41782062	-0.79870304	-0.02172684	-0.18425478	-1.49917351	-0.52256679
-0.32488653	-0.15378442	-0.41190476	-0.79806760	-0.02314346	-0.18757601	-1.50832691	-0.51981716
-0.32197301	-0.15197956	-0.40631005	-0.79719807	-0.02473989	-0.19084586	-1.51704952	-0.51672753
-0.31896202	-0.15002668	-0.40039388	-0.79619529	-0.02617053	-0.19412621	-1.52500597	-0.51391286
-0.31621470	-0.14807083	-0.39490082	-0.79491417	-0.02799399	-0.19712329	-1.53222706	-0.51059653
-0.31319456	-0.14606431	-0.38937796	-0.79338887	-0.02926786	-0.20005426	-1.53879481	-0.50745185
-0.31029874	-0.14413174	-0.38369678	-0.79176304	-0.03076967	-0.20317246	-1.54469010	-0.50419835
-0.30745422	-0.14243389	-0.37821018	-0.78989921	-0.03245413	-0.20611971	-1.55003620	-0.50090519
-0.30431984	-0.14058264	-0.37288332	-0.78795075	-0.03400206	-0.20893807	-1.55433248	-0.49756180
-0.30148437	-0.13896247	-0.36735890	-0.78581237	-0.03530089	-0.21164650	-1.55836512	-0.49419874
-0.29863629	-0.13716162	-0.36206892	-0.78332125	-0.03706994	-0.21434224	-1.56173444	-0.49086517
-0.29586864	-0.13538785	-0.35678346	-0.78063291	-0.03854226	-0.21665864	-1.56378929	-0.48724104
-0.29315899	-0.13356840	-0.35146043	-0.77784925	-0.04011976	-0.21920106	-1.56569816	-0.48355865
-0.29007024	-0.13207807	-0.34639103	-0.77491586	-0.04138353	-0.22153822	-1.56677796	-0.47993791
-0.28712748	-0.13045911	-0.34104912	-0.77170015	-0.04300992	-0.22393758	-1.56734191	-0.47649761
-0.28467408	-0.12882968	-0.33614229	-0.76815663	-0.04445726	-0.22603464	-1.56718400	-0.47292740
-0.28181715	-0.12718801	-0.33105435	-0.76481518	-0.04584807	-0.22824742	-1.56644706	-0.46906481
-0.27894672	-0.12552890	-0.32592607	-0.76101500	-0.04741633	-0.23035375	-1.56466891	-0.46543387
-0.27626946	-0.12410792	-0.32121475	-0.75730734	-0.04885564	-0.23225574	-1.56243390	-0.46191499
-0.27349714	-0.12251643	-0.31622810	-0.75322577	-0.05026506	-0.23405720	-1.55977546	-0.45793724
-0.27097571	-0.12096006	-0.31139985	-0.74889928	-0.05176864	-0.23586312	-1.55638750	-0.45415741
-0.26811668	-0.11930589	-0.30683851	-0.74461591	-0.05288318	-0.23740705	-1.55234770	-0.45052980
-0.26548248	-0.11773252	-0.30231207	-0.73997701	-0.05438828	-0.23900783	-1.54767550	-0.44676935
-0.26263983	-0.11656675	-0.29725825	-0.73545107	-0.05546517	-0.24036074	-1.54238338	-0.44279102
-0.25989068	-0.11518288	-0.29286220	-0.73062126	-0.05691576	-0.24190232	-1.53666137	-0.43924158
-0.25737838	-0.11386572	-0.28838091	-0.72566533	-0.05819907	-0.24327789	-1.53029454	-0.43557448
-0.25480395	-0.11239055	-0.28374407	-0.72044666	-0.05912010	-0.24447750	-1.52349523	-0.43146478
-0.25228461	-0.11103485	-0.27955549	-0.71520146	-0.06026723	-0.24541928	-1.51595522	-0.42779150
-0.24956282	-0.10956488	-0.27488409	-0.70985622	-0.06118347	-0.24663443	-1.50802782	-0.42400522
-0.24689493	-0.10833099	-0.27085037	-0.70453734	-0.06221112	-0.24754070	-1.49957146	-0.42007475
-0.24460108	-0.10698650	-0.26647136	-0.69879981	-0.06313184	-0.24853506	-1.49072291	-0.41633930
-0.24206467	-0.10573001	-0.26247163	-0.69313761	-0.06413121	-0.24905337	-1.48120859	-0.41253693
-0.23955679	-0.10437118	-0.25796340	-0.68711969	-0.06473739	-0.24991288	-1.47116394	-0.40861092
-0.23685921	-0.10316199	-0.25417731	-0.68128183	-0.06556877	-0.25038714	-1.46117739	-0.40469489
-0.23454069	-0.10196892	-0.25006850	-0.67525045	-0.06602078	-0.25099773	-1.45052347	-0.40133549
-0.23222151	-0.10086088	-0.24608790	-0.66900928	-0.06653963	-0.25142869	-1.43949632	-0.39740360
-0.22972450	-0.09949483	-0.24215164	-0.66278012	-0.06697524	-0.25163670	-1.42790965	-0.39361059
-0.22728420	-0.09843166	-0.23809558	-0.65622052	-0.06748050	-0.25187192	-1.41643563	-0.38999007
-0.22491358	-0.09702802	-0.23436907	-0.65013222	-0.06766510	-0.25208249	-1.40390976	-0.38630646
-0.22253942	-0.09601825	-0.23053010	-0.64342392	-0.06781380	-0.25233058	-1.39149423	-0.38242312
-0.22009694	-0.09486126	-0.22681294	-0.63674607	-0.06786604	-0.25233185	-1.37863697	-0.37885018
-0.21798209	-0.09371970	-0.22301143	-0.63037748	-0.06775959	-0.25224842	-1.36550654	-0.37502405
-0.21545154	-0.09254497	-0.21957382	-0.62352168	-0.06737623	-0.25208882	-1.35234763	-0.37143787
-0.21326517	-0.09152863	-0.21580656	-0.61684615	-0.06722602	-0.25190329	-1.33862497	-0.36793562
-0.21104383	-0.09044623	-0.21240855	-0.60990646	-0.06686809	-0.25165105	-1.32488148	-0.36389399
-0.20862057	-0.08940645	-0.20899625	-0.60295571	-0.06624611	-0.25115772	-1.31075495	-0.36059494
