0.01000000	0.00000000	0.12000000	45.00000000	45.00000000
0.02000000	0.00000000	0.12000000	45.00000000	45.00000000
0.03000000	0.00000000	0.12000000	45.00000000	45.00000000
0.04000000	0.00000000	0.12000000	45.00000000	45.00000000
0.05000000	0.00000000	0.12000000	45.00000000	45.00000000
0.05999999	0.00000000	0.12000000	45.00000000	45.00000000
0.06999999	0.00000000	0.12000000	45.00000000	45.00000000
0.07999999	0.00000000	0.12000000	45.00000000	45.00000000
0.08999999	0.00000000	0.12000000	45.00000000	45.00000000
0.09999999	0.00000000	0.12000000	45.00000000	45.00000000
0.10999998	0.00000000	0.12000000	45.00000000	45.00000000
0.11999998	0.00000000	0.12000000	45.00000000	45.00000000
0.12999998	0.00000000	0.12000000	45.00000000	45.00000000
0.13999999	0.00000000	0.12000000	45.00000000	45.00000000
0.14999999	0.00000000	0.12000000	45.00000000	45.00000000
0.16000000	0.00000000	0.12000000	45.00000000	45.00000000
0.17000000	0.00000000	0.12000000	45.00000000	45.00000000
0.18000001	0.00000000	0.12000000	45.00000000	45.00000000
0.19000001	0.00000000	0.12000000	45.00000000	45.00000000
0.20000002	0.00000000	0.12000000	45.00000000	45.00000000
0.20000002	0.01000000	0.12000000	45.00000000	45.00000000
0.20000002	0.02000000	0.12000000	45.00000000	45.00000000
0.20000002	0.03000000	0.12000000	45.00000000	45.00000000
0.20000002	0.04000000	0.12000000	45.00000000	45.00000000
0.20000002	0.05000000	0.12000000	45.00000000	45.00000000
0.20000002	0.05999999	0.12000000	45.00000000	45.00000000
0.20000002	0.06999999	0.12000000	45.00000000	45.00000000
0.20000002	0.07999999	0.12000000	45.00000000	45.00000000
0.20000002	0.08999999	0.12000000	45.00000000	45.00000000
0.20000002	0.09999999	0.12000000	45.00000000	45.00000000
0.20000002	0.10999998	0.12000000	45.00000000	45.00000000
0.20000002	0.11999998	0.12000000	45.00000000	45.00000000
0.20000002	0.12999998	0.12000000	45.00000000	45.00000000
0.20000002	0.13999999	0.12000000	45.00000000	45.00000000
0.20000002	0.14999999	0.12000000	45.00000000	45.00000000
0.20000002	0.16000000	0.12000000	45.00000000	45.00000000
0.20000002	0.17000000	0.12000000	45.00000000	45.00000000
0.20000002	0.18000001	0.12000000	45.00000000	45.00000000
0.20000002	0.19000001	0.12000000	45.00000000	45.00000000
0.20000002	0.20000002	0.12000000	45.00000000	45.00000000
0.19000001	0.20000002	0.12000000	45.00000000	45.00000000
0.18000001	0.20000002	0.12000000	45.00000000	45.00000000
0.17000000	0.20000002	0.12000000	45.00000000	45.00000000
0.16000000	0.20000002	0.12000000	45.00000000	45.00000000
0.14999999	0.20000002	0.12000000	45.00000000	45.00000000
0.13999999	0.20000002	0.12000000	45.00000000	45.00000000
0.12999998	0.20000002	0.12000000	45.00000000	45.00000000
0.11999998	0.20000002	0.12000000	45.00000000	45.00000000
0.10999998	0.20000002	0.12000000	45.00000000	45.00000000
0.09999999	0.20000002	0.12000000	45.00000000	45.00000000
0.08999999	0.20000002	0.12000000	45.00000000	45.00000000
0.07999999	0.20000002	0.12000000	45.00000000	45.00000000
0.06999999	0.20000002	0.12000000	45.00000000	45.00000000
0.05999999	0.20000002	0.12000000	45.00000000	45.00000000
0.05000000	0.20000002	0.12000000	45.00000000	45.00000000
0.04000000	0.20000002	0.12000000	45.00000000	45.00000000
0.03000000	0.20000002	0.12000000	45.00000000	45.00000000
0.02000000	0.20000002	0.12000000	45.00000000	45.00000000
0.01000000	0.20000002	0.12000000	45.00000000	45.00000000
0.00000000	0.20000002	0.12000000	45.00000000	45.00000000
-0.01000000	0.20000002	0.12000000	45.00000000	45.00000000
-0.02000000	0.20000002	0.12000000	45.00000000	45.00000000
-0.03000000	0.20000002	0.12000000	45.00000000	45.00000000
-0.04000000	0.20000002	0.12000000	45.00000000	45.00000000
-0.05000000	0.20000002	0.12000000	45.00000000	45.00000000
-0.05999999	0.20000002	0.12000000	45.00000000	45.00000000
-0.06999999	0.20000002	0.12000000	45.00000000	45.00000000
-0.07999999	0.20000002	0.12000000	45.00000000	45.00000000
-0.08999999	0.20000002	0.12000000	45.00000000	45.00000000
-0.09999999	0.20000002	0.12000000	45.00000000	45.00000000
-0.10999998	0.20000002	0.12000000	45.00000000	45.00000000
-0.11999998	0.20000002	0.12000000	45.00000000	45.00000000
-0.12999998	0.20000002	0.12000000	45.00000000	45.00000000
-0.13999999	0.20000002	0.12000000	45.00000000	45.00000000
-0.14999999	0.20000002	0.12000000	45.00000000	45.00000000
-0.16000000	0.20000002	0.12000000	45.00000000	45.00000000
-0.17000000	0.20000002	0.12000000	45.00000000	45.00000000
-0.18000001	0.20000002	0.12000000	45.00000000	45.00000000
-0.19000001	0.20000002	0.12000000	45.00000000	45.00000000
-0.20000002	0.20000002	0.12000000	45.00000000	45.00000000
-0.20000002	0.19000001	0.12000000	45.00000000	45.00000000
-0.20000002	0.18000001	0.12000000	45.00000000	45.00000000
-0.20000002	0.17000000	0.12000000	45.00000000	45.00000000
-0.20000002	0.16000000	0.12000000	45.00000000	45.00000000
-0.20000002	0.14999999	0.12000000	45.00000000	45.00000000
-0.20000002	0.13999999	0.12000000	45.00000000	45.00000000
-0.20000002	0.12999998	0.12000000	45.00000000	45.00000000
-0.20000002	0.11999998	0.12000000	45.00000000	45.00000000
-0.20000002	0.10999998	0.12000000	45.00000000	45.00000000
-0.20000002	0.09999999	0.12000000	45.00000000	45.00000000
-0.20000002	0.08999999	0.12000000	45.00000000	45.00000000
-0.20000002	0.07999999	0.12000000	45.00000000	45.00000000
-0.20000002	0.06999999	0.12000000	45.00000000	45.00000000
-0.20000002	0.05999999	0.12000000	45.00000000	45.00000000
-0.20000002	0.05000000	0.12000000	45.00000000	45.00000000
-0.20000002	0.04000000	0.12000000	45.00000000	45.00000000
-0.20000002	0.03000000	0.12000000	45.00000000	45.00000000
-0.20000002	0.02000000	0.12000000	45.00000000	45.00000000
-0.20000002	0.01000000	0.12000000	45.00000000	45.00000000
-0.20000002	0.00000000	0.12000000	45.00000000	45.00000000
-0.20000002	-0.01000000	0.12000000	45.00000000	45.00000000
-0.20000002	-0.02000000	0.12000000	45.00000000	45.00000000
-0.20000002	-0.03000000	0.12000000	45.00000000	45.00000000
-0.20000002	-0.04000000	0.12000000	45.00000000	45.00000000
-0.20000002	-0.05000000	0.12000000	45.00000000	45.00000000
-0.20000002	-0.05999999	0.12000000	45.00000000	45.00000000
-0.20000002	-0.06999999	0.12000000	45.00000000	45.00000000
-0.20000002	-0.07999999	0.12000000	45.00000000	45.00000000
-0.20000002	-0.08999999	0.12000000	45.00000000	45.00000000
-0.20000002	-0.09999999	0.12000000	45.00000000	45.00000000
-0.20000002	-0.10999998	0.12000000	45.00000000	45.00000000
-0.20000002	-0.11999998	0.12000000	45.00000000	45.00000000
-0.20000002	-0.12999998	0.12000000	45.00000000	45.00000000
-0.20000002	-0.13999999	0.12000000	45.00000000	45.00000000
-0.20000002	-0.14999999	0.12000000	45.00000000	45.00000000
-0.20000002	-0.16000000	0.12000000	45.00000000	45.00000000
-0.20000002	-0.17000000	0.12000000	45.00000000	45.00000000
-0.20000002	-0.18000001	0.12000000	45.00000000	45.00000000
-0.20000002	-0.19000001	0.12000000	45.00000000	45.00000000
-0.20000002	-0.20000002	0.12000000	45.00000000	45.00000000
-0.19000001	-0.20000002	0.12000000	45.00000000	45.00000000
-0.18000001	-0.20000002	0.12000000	45.00000000	45.00000000
-0.17000000	-0.20000002	0.12000000	45.00000000	45.00000000
-0.16000000	-0.20000002	0.12000000	45.00000000	45.00000000
-0.14999999	-0.20000002	0.12000000	45.00000000	45.00000000
-0.13999999	-0.20000002	0.12000000	45.00000000	45.00000000
-0.12999998	-0.20000002	0.12000000	45.00000000	45.00000000
-0.11999998	-0.20000002	0.12000000	45.00000000	45.00000000
-0.10999998	-0.20000002	0.12000000	45.00000000	45.00000000
-0.09999999	-0.20000002	0.12000000	45.00000000	45.00000000
-0.08999999	-0.20000002	0.12000000	45.00000000	45.00000000
-0.07999999	-0.20000002	0.12000000	45.00000000	45.00000000
-0.06999999	-0.20000002	0.12000000	45.00000000	45.00000000
-0.05999999	-0.20000002	0.12000000	45.00000000	45.00000000
-0.05000000	-0.20000002	0.12000000	45.00000000	45.00000000
-0.04000000	-0.20000002	0.12000000	45.00000000	45.00000000
-0.03000000	-0.20000002	0.12000000	45.00000000	45.00000000
-0.02000000	-0.20000002	0.12000000	45.00000000	45.00000000
-0.01000000	-0.20000002	0.12000000	45.00000000	45.00000000
0.00000000	-0.20000002	0.12000000	45.00000000	45.00000000
0.01000000	-0.20000002	0.12000000	45.00000000	45.00000000
0.02000000	-0.20000002	0.12000000	45.00000000	45.00000000
0.03000000	-0.20000002	0.12000000	45.00000000	45.00000000
0.04000000	-0.20000002	0.12000000	45.00000000	45.00000000
0.05000000	-0.20000002	0.12000000	45.00000000	45.00000000
0.05999999	-0.20000002	0.12000000	45.00000000	45.00000000
0.06999999	-0.20000002	0.12000000	45.00000000	45.00000000
0.07999999	-0.20000002	0.12000000	45.00000000	45.00000000
0.08999999	-0.20000002	0.12000000	45.00000000	45.00000000
0.09999999	-0.20000002	0.12000000	45.00000000	45.00000000
0.10999998	-0.20000002	0.12000000	45.00000000	45.00000000
0.11999998	-0.20000002	0.12000000	45.00000000	45.00000000
0.12999998	-0.20000002	0.12000000	45.00000000	45.00000000
0.13999999	-0.20000002	0.12000000	45.00000000	45.00000000
0.14999999	-0.20000002	0.12000000	45.00000000	45.00000000
0.16000000	-0.20000002	0.12000000	45.00000000	45.00000000
0.17000000	-0.20000002	0.12000000	45.00000000	45.00000000
0.18000001	-0.20000002	0.12000000	45.00000000	45.00000000
0.19000001	-0.20000002	0.12000000	45.00000000	45.00000000
0.20000002	-0.20000002	0.12000000	45.00000000	45.00000000
0.20000002	-0.19000001	0.12000000	45.00000000	45.00000000
0.20000002	-0.18000001	0.12000000	45.00000000	45.00000000
0.20000002	-0.17000000	0.12000000	45.00000000	45.00000000
0.20000002	-0.16000000	0.12000000	45.00000000	45.00000000
0.20000002	-0.14999999	0.12000000	45.00000000	45.00000000
0.20000002	-0.13999999	0.12000000	45.00000000	45.00000000
0.20000002	-0.12999998	0.12000000	45.00000000	45.00000000
0.20000002	-0.11999998	0.12000000	45.00000000	45.00000000
0.20000002	-0.10999998	0.12000000	45.00000000	45.00000000
0.20000002	-0.09999999	0.12000000	45.00000000	45.00000000
0.20000002	-0.08999999	0.12000000	45.00000000	45.00000000
0.20000002	-0.07999999	0.12000000	45.00000000	45.00000000
0.20000002	-0.06999999	0.12000000	45.00000000	45.00000000
0.20000002	-0.05999999	0.12000000	45.00000000	45.00000000
0.20000002	-0.05000000	0.12000000	45.00000000	45.00000000
0.20000002	-0.04000000	0.12000000	45.00000000	45.00000000
0.20000002	-0.03000000	0.12000000	45.00000000	45.00000000
0.20000002	-0.02000000	0.12000000	45.00000000	45.00000000
0.20000002	-0.01000000	0.12000000	45.00000000	45.00000000
0.20000002	0.00000000	0.12000000	45.00000000	45.00000000
0.20000002	0.00000000	0.13000000	45.00000000	45.00000000
0.20000002	0.00000000	0.14000000	45.00000000	45.00000000
0.20000002	0.00000000	0.15000001	45.00000000	45.00000000
0.20000002	0.00000000	0.16000001	45.00000000	45.00000000
0.20000002	0.00000000	0.17000002	45.00000000	45.00000000
0.20000002	0.00000000	0.18000002	45.00000000	45.00000000
0.20000002	0.00000000	0.19000003	45.00000000	45.00000000
0.20000002	0.00000000	0.20000003	45.00000000	45.00000000
0.20000002	0.00000000	0.21000004	45.00000000	45.00000000
0.20000002	0.00000000	0.22000004	45.00000000	45.00000000
0.20000002	0.01000000	0.22000004	45.00000000	45.00000000
0.20000002	0.02000000	0.22000004	45.00000000	45.00000000
0.20000002	0.03000000	0.22000004	45.00000000	45.00000000
0.20000002	0.04000000	0.22000004	45.00000000	45.00000000
0.20000002	0.05000000	0.22000004	45.00000000	45.00000000
0.20000002	0.05999999	0.22000004	45.00000000	45.00000000
0.20000002	0.06999999	0.22000004	45.00000000	45.00000000
0.20000002	0.07999999	0.22000004	45.00000000	45.00000000
0.20000002	0.08999999	0.22000004	45.00000000	45.00000000
0.20000002	0.09999999	0.22000004	45.00000000	45.00000000
0.20000002	0.10999998	0.22000004	45.00000000	45.00000000
0.20000002	0.11999998	0.22000004	45.00000000	45.00000000
0.20000002	0.12999998	0.22000004	45.00000000	45.00000000
0.20000002	0.13999999	0.22000004	45.00000000	45.00000000
0.20000002	0.14999999	0.22000004	45.00000000	45.00000000
0.20000002	0.16000000	0.22000004	45.00000000	45.00000000
0.20000002	0.17000000	0.22000004	45.00000000	45.00000000
0.20000002	0.18000001	0.22000004	45.00000000	45.00000000
0.20000002	0.19000001	0.22000004	45.00000000	45.00000000
0.20000002	0.20000002	0.22000004	45.00000000	45.00000000
0.19000001	0.20000002	0.22000004	45.00000000	45.00000000
0.18000001	0.20000002	0.22000004	45.00000000	45.00000000
0.17000000	0.20000002	0.22000004	45.00000000	45.00000000
0.16000000	0.20000002	0.22000004	45.00000000	45.00000000
0.14999999	0.20000002	0.22000004	45.00000000	45.00000000
0.13999999	0.20000002	0.22000004	45.00000000	45.00000000
0.12999998	0.20000002	0.22000004	45.00000000	45.00000000
0.11999998	0.20000002	0.22000004	45.00000000	45.00000000
0.10999998	0.20000002	0.22000004	45.00000000	45.00000000
0.09999999	0.20000002	0.22000004	45.00000000	45.00000000
0.08999999	0.20000002	0.22000004	45.00000000	45.00000000
0.07999999	0.20000002	0.22000004	45.00000000	45.00000000
0.06999999	0.20000002	0.22000004	45.00000000	45.00000000
0.05999999	0.20000002	0.22000004	45.00000000	45.00000000
0.05000000	0.20000002	0.22000004	45.00000000	45.00000000
0.04000000	0.20000002	0.22000004	45.00000000	45.00000000
0.03000000	0.20000002	0.22000004	45.00000000	45.00000000
0.02000000	0.20000002	0.22000004	45.00000000	45.00000000
0.01000000	0.20000002	0.22000004	45.00000000	45.00000000
0.00000000	0.20000002	0.22000004	45.00000000	45.00000000
-0.01000000	0.20000002	0.22000004	45.00000000	45.00000000
-0.02000000	0.20000002	0.22000004	45.00000000	45.00000000
-0.03000000	0.20000002	0.22000004	45.00000000	45.00000000
-0.04000000	0.20000002	0.22000004	45.00000000	45.00000000
-0.05000000	0.20000002	0.22000004	45.00000000	45.00000000
-0.05999999	0.20000002	0.22000004	45.00000000	45.00000000
-0.06999999	0.20000002	0.22000004	45.00000000	45.00000000
-0.07999999	0.20000002	0.22000004	45.00000000	45.00000000
-0.08999999	0.20000002	0.22000004	45.00000000	45.00000000
-0.09999999	0.20000002	0.22000004	45.00000000	45.00000000
-0.10999998	0.20000002	0.22000004	45.00000000	45.00000000
-0.11999998	0.20000002	0.22000004	45.00000000	45.00000000
-0.12999998	0.20000002	0.22000004	45.00000000	45.00000000
-0.13999999	0.20000002	0.22000004	45.00000000	45.00000000
-0.14999999	0.20000002	0.22000004	45.00000000	45.00000000
-0.16000000	0.20000002	0.22000004	45.00000000	45.00000000
-0.17000000	0.20000002	0.22000004	45.00000000	45.00000000
-0.18000001	0.20000002	0.22000004	45.00000000	45.00000000
-0.19000001	0.20000002	0.22000004	45.00000000	45.00000000
-0.20000002	0.20000002	0.22000004	45.00000000	45.00000000
-0.20000002	0.19000001	0.22000004	45.00000000	45.00000000
-0.20000002	0.18000001	0.22000004	45.00000000	45.00000000
-0.20000002	0.17000000	0.22000004	45.00000000	45.00000000
-0.20000002	0.16000000	0.22000004	45.00000000	45.00000000
-0.20000002	0.14999999	0.22000004	45.00000000	45.00000000
-0.20000002	0.13999999	0.22000004	45.00000000	45.00000000
-0.20000002	0.12999998	0.22000004	45.00000000	45.00000000
-0.20000002	0.11999998	0.22000004	45.00000000	45.00000000
-0.20000002	0.10999998	0.22000004	45.00000000	45.00000000
-0.20000002	0.09999999	0.22000004	45.00000000	45.00000000
-0.20000002	0.08999999	0.22000004	45.00000000	45.00000000
-0.20000002	0.07999999	0.22000004	45.00000000	45.00000000
-0.20000002	0.06999999	0.22000004	45.00000000	45.00000000
-0.20000002	0.05999999	0.22000004	45.00000000	45.00000000
-0.20000002	0.05000000	0.22000004	45.00000000	45.00000000
-0.20000002	0.04000000	0.22000004	45.00000000	45.00000000
-0.20000002	0.03000000	0.22000004	45.00000000	45.00000000
-0.20000002	0.02000000	0.22000004	45.00000000	45.00000000
-0.20000002	0.01000000	0.22000004	45.00000000	45.00000000
-0.20000002	0.00000000	0.22000004	45.00000000	45.00000000
-0.20000002	-0.01000000	0.22000004	45.00000000	45.00000000
-0.20000002	-0.02000000	0.22000004	45.00000000	45.00000000
-0.20000002	-0.03000000	0.22000004	45.00000000	45.00000000
-0.20000002	-0.04000000	0.22000004	45.00000000	45.00000000
-0.20000002	-0.05000000	0.22000004	45.00000000	45.00000000
-0.20000002	-0.05999999	0.22000004	45.00000000	45.00000000
-0.20000002	-0.06999999	0.22000004	45.00000000	45.00000000
-0.20000002	-0.07999999	0.22000004	45.00000000	45.00000000
-0.20000002	-0.08999999	0.22000004	45.00000000	45.00000000
-0.20000002	-0.09999999	0.22000004	45.00000000	45.00000000
-0.20000002	-0.10999998	0.22000004	45.00000000	45.00000000
-0.20000002	-0.11999998	0.22000004	45.00000000	45.00000000
-0.20000002	-0.12999998	0.22000004	45.00000000	45.00000000
-0.20000002	-0.13999999	0.22000004	45.00000000	45.00000000
-0.20000002	-0.14999999	0.22000004	45.00000000	45.00000000
-0.20000002	-0.16000000	0.22000004	45.00000000	45.00000000
-0.20000002	-0.17000000	0.22000004	45.00000000	45.00000000
-0.20000002	-0.18000001	0.22000004	45.00000000	45.00000000
-0.20000002	-0.19000001	0.22000004	45.00000000	45.00000000
-0.20000002	-0.20000002	0.22000004	45.00000000	45.00000000
-0.19000001	-0.20000002	0.22000004	45.00000000	45.00000000
-0.18000001	-0.20000002	0.22000004	45.00000000	45.00000000
-0.17000000	-0.20000002	0.22000004	45.00000000	45.00000000
-0.16000000	-0.20000002	0.22000004	45.00000000	45.00000000
-0.14999999	-0.20000002	0.22000004	45.00000000	45.00000000
-0.13999999	-0.20000002	0.22000004	45.00000000	45.00000000
-0.12999998	-0.20000002	0.22000004	45.00000000	45.00000000
-0.11999998	-0.20000002	0.22000004	45.00000000	45.00000000
-0.10999998	-0.20000002	0.22000004	45.00000000	45.00000000
-0.09999999	-0.20000002	0.22000004	45.00000000	45.00000000
-0.08999999	-0.20000002	0.22000004	45.00000000	45.00000000
-0.07999999	-0.20000002	0.22000004	45.00000000	45.00000000
-0.06999999	-0.20000002	0.22000004	45.00000000	45.00000000
-0.05999999	-0.20000002	0.22000004	45.00000000	45.00000000
-0.05000000	-0.20000002	0.22000004	45.00000000	45.00000000
-0.04000000	-0.20000002	0.22000004	45.00000000	45.00000000
-0.03000000	-0.20000002	0.22000004	45.00000000	45.00000000
-0.02000000	-0.20000002	0.22000004	45.00000000	45.00000000
-0.01000000	-0.20000002	0.22000004	45.00000000	45.00000000
0.00000000	-0.20000002	0.22000004	45.00000000	45.00000000
0.01000000	-0.20000002	0.22000004	45.00000000	45.00000000
0.02000000	-0.20000002	0.22000004	45.00000000	45.00000000
0.03000000	-0.20000002	0.22000004	45.00000000	45.00000000
0.04000000	-0.20000002	0.22000004	45.00000000	45.00000000
0.05000000	-0.20000002	0.22000004	45.00000000	45.00000000
0.05999999	-0.20000002	0.22000004	45.00000000	45.00000000
0.06999999	-0.20000002	0.22000004	45.00000000	45.00000000
0.07999999	-0.20000002	0.22000004	45.00000000	45.00000000
0.08999999	-0.20000002	0.22000004	45.00000000	45.00000000
0.09999999	-0.20000002	0.22000004	45.00000000	45.00000000
0.10999998	-0.20000002	0.22000004	45.00000000	45.00000000
0.11999998	-0.20000002	0.22000004	45.00000000	45.00000000
0.12999998	-0.20000002	0.22000004	45.00000000	45.00000000
0.13999999	-0.20000002	0.22000004	45.00000000	45.00000000
0.14999999	-0.20000002	0.22000004	45.00000000	45.00000000
0.16000000	-0.20000002	0.22000004	45.00000000	45.00000000
0.17000000	-0.20000002	0.22000004	45.00000000	45.00000000
0.18000001	-0.20000002	0.22000004	45.00000000	45.00000000
0.19000001	-0.20000002	0.22000004	45.00000000	45.00000000
0.20000002	-0.20000002	0.22000004	45.00000000	45.00000000
0.20000002	-0.19000001	0.22000004	45.00000000	45.00000000
0.20000002	-0.18000001	0.22000004	45.00000000	45.00000000
0.20000002	-0.17000000	0.22000004	45.00000000	45.00000000
0.20000002	-0.16000000	0.22000004	45.00000000	45.00000000
0.20000002	-0.14999999	0.22000004	45.00000000	45.00000000
0.20000002	-0.13999999	0.22000004	45.00000000	45.00000000
0.20000002	-0.12999998	0.22000004	45.00000000	45.00000000
0.20000002	-0.11999998	0.22000004	45.00000000	45.00000000
0.20000002	-0.10999998	0.22000004	45.00000000	45.00000000
0.20000002	-0.09999999	0.22000004	45.00000000	45.00000000
0.20000002	-0.08999999	0.22000004	45.00000000	45.00000000
0.20000002	-0.07999999	0.22000004	45.00000000	45.00000000
0.20000002	-0.06999999	0.22000004	45.00000000	45.00000000
0.20000002	-0.05999999	0.22000004	45.00000000	45.00000000
0.20000002	-0.05000000	0.22000004	45.00000000	45.00000000
0.20000002	-0.04000000	0.22000004	45.00000000	45.00000000
0.20000002	-0.03000000	0.22000004	45.00000000	45.00000000
0.20000002	-0.02000000	0.22000004	45.00000000	45.00000000
0.20000002	-0.01000000	0.22000004	45.00000000	45.00000000
0.20000002	0.00000000	0.22000004	45.00000000	45.00000000
0.20000002	0.00000000	0.23000005	45.00000000	45.00000000
0.20000002	0.00000000	0.24000005	45.00000000	45.00000000
0.20000002	0.00000000	0.25000006	45.00000000	45.00000000
0.20000002	0.00000000	0.26000005	45.00000000	45.00000000
0.20000002	0.00000000	0.27000004	45.00000000	45.00000000
0.20000002	0.00000000	0.28000003	45.00000000	45.00000000
0.20000002	0.00000000	0.29000002	45.00000000	45.00000000
0.20000002	0.00000000	0.30000001	45.00000000	45.00000000
0.20000002	0.00000000	0.31000000	45.00000000	45.00000000
0.20000002	0.00000000	0.31999999	45.00000000	45.00000000
0.20000002	0.01000000	0.31999999	45.00000000	45.00000000
0.20000002	0.02000000	0.31999999	45.00000000	45.00000000
0.20000002	0.03000000	0.31999999	45.00000000	45.00000000
0.20000002	0.04000000	0.31999999	45.00000000	45.00000000
0.20000002	0.05000000	0.31999999	45.00000000	45.00000000
0.20000002	0.05999999	0.31999999	45.00000000	45.00000000
0.20000002	0.06999999	0.31999999	45.00000000	45.00000000
0.20000002	0.07999999	0.31999999	45.00000000	45.00000000
0.20000002	0.08999999	0.31999999	45.00000000	45.00000000
0.20000002	0.09999999	0.31999999	45.00000000	45.00000000
0.20000002	0.10999998	0.31999999	45.00000000	45.00000000
0.20000002	0.11999998	0.31999999	45.00000000	45.00000000
0.20000002	0.12999998	0.31999999	45.00000000	45.00000000
0.20000002	0.13999999	0.31999999	45.00000000	45.00000000
0.20000002	0.14999999	0.31999999	45.00000000	45.00000000
0.20000002	0.16000000	0.31999999	45.00000000	45.00000000
0.20000002	0.17000000	0.31999999	45.00000000	45.00000000
0.20000002	0.18000001	0.31999999	45.00000000	45.00000000
0.20000002	0.19000001	0.31999999	45.00000000	45.00000000
0.20000002	0.20000002	0.31999999	45.00000000	45.00000000
0.19000001	0.20000002	0.31999999	45.00000000	45.00000000
0.18000001	0.20000002	0.31999999	45.00000000	45.00000000
0.17000000	0.20000002	0.31999999	45.00000000	45.00000000
0.16000000	0.20000002	0.31999999	45.00000000	45.00000000
0.14999999	0.20000002	0.31999999	45.00000000	45.00000000
0.13999999	0.20000002	0.31999999	45.00000000	45.00000000
0.12999998	0.20000002	0.31999999	45.00000000	45.00000000
0.11999998	0.20000002	0.31999999	45.00000000	45.00000000
0.10999998	0.20000002	0.31999999	45.00000000	45.00000000
0.09999999	0.20000002	0.31999999	45.00000000	45.00000000
0.08999999	0.20000002	0.31999999	45.00000000	45.00000000
0.07999999	0.20000002	0.31999999	45.00000000	45.00000000
0.06999999	0.20000002	0.31999999	45.00000000	45.00000000
0.05999999	0.20000002	0.31999999	45.00000000	45.00000000
0.05000000	0.20000002	0.31999999	45.00000000	45.00000000
0.04000000	0.20000002	0.31999999	45.00000000	45.00000000
0.03000000	0.20000002	0.31999999	45.00000000	45.00000000
0.02000000	0.20000002	0.31999999	45.00000000	45.00000000
0.01000000	0.20000002	0.31999999	45.00000000	45.00000000
0.00000000	0.20000002	0.31999999	45.00000000	45.00000000
-0.01000000	0.20000002	0.31999999	45.00000000	45.00000000
-0.02000000	0.20000002	0.31999999	45.00000000	45.00000000
-0.03000000	0.20000002	0.31999999	45.00000000	45.00000000
-0.04000000	0.20000002	0.31999999	45.00000000	45.00000000
-0.05000000	0.20000002	0.31999999	45.00000000	45.00000000
-0.05999999	0.20000002	0.31999999	45.00000000	45.00000000
-0.06999999	0.20000002	0.31999999	45.00000000	45.00000000
-0.07999999	0.20000002	0.31999999	45.00000000	45.00000000
-0.08999999	0.20000002	0.31999999	45.00000000	45.00000000
-0.09999999	0.20000002	0.31999999	45.00000000	45.00000000
-0.10999998	0.20000002	0.31999999	45.00000000	45.00000000
-0.11999998	0.20000002	0.31999999	45.00000000	45.00000000
-0.12999998	0.20000002	0.31999999	45.00000000	45.00000000
-0.13999999	0.20000002	0.31999999	45.00000000	45.00000000
-0.14999999	0.20000002	0.31999999	45.00000000	45.00000000
-0.16000000	0.20000002	0.31999999	45.00000000	45.00000000
-0.17000000	0.20000002	0.31999999	45.00000000	45.00000000
-0.18000001	0.20000002	0.31999999	45.00000000	45.00000000
-0.19000001	0.20000002	0.31999999	45.00000000	45.00000000
-0.20000002	0.20000002	0.31999999	45.00000000	45.00000000
-0.20000002	0.19000001	0.31999999	45.00000000	45.00000000
-0.20000002	0.18000001	0.31999999	45.00000000	45.00000000
-0.20000002	0.17000000	0.31999999	45.00000000	45.00000000
-0.20000002	0.16000000	0.31999999	45.00000000	45.00000000
-0.20000002	0.14999999	0.31999999	45.00000000	45.00000000
-0.20000002	0.13999999	0.31999999	45.00000000	45.00000000
-0.20000002	0.12999998	0.31999999	45.00000000	45.00000000
-0.20000002	0.11999998	0.31999999	45.00000000	45.00000000
-0.20000002	0.10999998	0.31999999	45.00000000	45.00000000
-0.20000002	0.09999999	0.31999999	45.00000000	45.00000000
-0.20000002	0.08999999	0.31999999	45.00000000	45.00000000
-0.20000002	0.07999999	0.31999999	45.00000000	45.00000000
-0.20000002	0.06999999	0.31999999	45.00000000	45.00000000
-0.20000002	0.05999999	0.31999999	45.00000000	45.00000000
-0.20000002	0.05000000	0.31999999	45.00000000	45.00000000
-0.20000002	0.04000000	0.31999999	45.00000000	45.00000000
-0.20000002	0.03000000	0.31999999	45.00000000	45.00000000
-0.20000002	0.02000000	0.31999999	45.00000000	45.00000000
-0.20000002	0.01000000	0.31999999	45.00000000	45.00000000
-0.20000002	0.00000000	0.31999999	45.00000000	45.00000000
-0.20000002	-0.01000000	0.31999999	45.00000000	45.00000000
-0.20000002	-0.02000000	0.31999999	45.00000000	45.00000000
-0.20000002	-0.03000000	0.31999999	45.00000000	45.00000000
-0.20000002	-0.04000000	0.31999999	45.00000000	45.00000000
-0.20000002	-0.05000000	0.31999999	45.00000000	45.00000000
-0.20000002	-0.05999999	0.31999999	45.00000000	45.00000000
-0.20000002	-0.06999999	0.31999999	45.00000000	45.00000000
-0.20000002	-0.07999999	0.31999999	45.00000000	45.00000000
-0.20000002	-0.08999999	0.31999999	45.00000000	45.00000000
-0.20000002	-0.09999999	0.31999999	45.00000000	45.00000000
-0.20000002	-0.10999998	0.31999999	45.00000000	45.00000000
-0.20000002	-0.11999998	0.31999999	45.00000000	45.00000000
-0.20000002	-0.12999998	0.31999999	45.00000000	45.00000000
-0.20000002	-0.13999999	0.31999999	45.00000000	45.00000000
-0.20000002	-0.14999999	0.31999999	45.00000000	45.00000000
-0.20000002	-0.16000000	0.31999999	45.00000000	45.00000000
-0.20000002	-0.17000000	0.31999999	45.00000000	45.00000000
-0.20000002	-0.18000001	0.31999999	45.00000000	45.00000000
-0.20000002	-0.19000001	0.31999999	45.00000000	45.00000000
-0.20000002	-0.20000002	0.31999999	45.00000000	45.00000000
-0.19000001	-0.20000002	0.31999999	45.00000000	45.00000000
-0.18000001	-0.20000002	0.31999999	45.00000000	45.00000000
-0.17000000	-0.20000002	0.31999999	45.00000000	45.00000000
-0.16000000	-0.20000002	0.31999999	45.00000000	45.00000000
-0.14999999	-0.20000002	0.31999999	45.00000000	45.00000000
-0.13999999	-0.20000002	0.31999999	45.00000000	45.00000000
-0.12999998	-0.20000002	0.31999999	45.00000000	45.00000000
-0.11999998	-0.20000002	0.31999999	45.00000000	45.00000000
-0.10999998	-0.20000002	0.31999999	45.00000000	45.00000000
-0.09999999	-0.20000002	0.31999999	45.00000000	45.00000000
-0.08999999	-0.20000002	0.31999999	45.00000000	45.00000000
-0.07999999	-0.20000002	0.31999999	45.00000000	45.00000000
-0.06999999	-0.20000002	0.31999999	45.00000000	45.00000000
-0.05999999	-0.20000002	0.31999999	45.00000000	45.00000000
-0.05000000	-0.20000002	0.31999999	45.00000000	45.00000000
-0.04000000	-0.20000002	0.31999999	45.00000000	45.00000000
-0.03000000	-0.20000002	0.31999999	45.00000000	45.00000000
-0.02000000	-0.20000002	0.31999999	45.00000000	45.00000000
-0.01000000	-0.20000002	0.31999999	45.00000000	45.00000000
0.00000000	-0.20000002	0.31999999	45.00000000	45.00000000
0.01000000	-0.20000002	0.31999999	45.00000000	45.00000000
0.02000000	-0.20000002	0.31999999	45.00000000	45.00000000
0.03000000	-0.20000002	0.31999999	45.00000000	45.00000000
0.04000000	-0.20000002	0.31999999	45.00000000	45.00000000
0.05000000	-0.20000002	0.31999999	45.00000000	45.00000000
0.05999999	-0.20000002	0.31999999	45.00000000	45.00000000
0.06999999	-0.20000002	0.31999999	45.00000000	45.00000000
0.07999999	-0.20000002	0.31999999	45.00000000	45.00000000
0.08999999	-0.20000002	0.31999999	45.00000000	45.00000000
0.09999999	-0.20000002	0.31999999	45.00000000	45.00000000
0.10999998	-0.20000002	0.31999999	45.00000000	45.00000000
0.11999998	-0.20000002	0.31999999	45.00000000	45.00000000
0.12999998	-0.20000002	0.31999999	45.00000000	45.00000000
0.13999999	-0.20000002	0.31999999	45.00000000	45.00000000
0.14999999	-0.20000002	0.31999999	45.00000000	45.00000000
0.16000000	-0.20000002	0.31999999	45.00000000	45.00000000
0.17000000	-0.20000002	0.31999999	45.00000000	45.00000000
0.18000001	-0.20000002	0.31999999	45.00000000	45.00000000
0.19000001	-0.20000002	0.31999999	45.00000000	45.00000000
0.20000002	-0.20000002	0.31999999	45.00000000	45.00000000
0.20000002	-0.19000001	0.31999999	45.00000000	45.00000000
0.20000002	-0.18000001	0.31999999	45.00000000	45.00000000
0.20000002	-0.17000000	0.31999999	45.00000000	45.00000000
0.20000002	-0.16000000	0.31999999	45.00000000	45.00000000
0.20000002	-0.14999999	0.31999999	45.00000000	45.00000000
0.20000002	-0.13999999	0.31999999	45.00000000	45.00000000
0.20000002	-0.12999998	0.31999999	45.00000000	45.00000000
0.20000002	-0.11999998	0.31999999	45.00000000	45.00000000
0.20000002	-0.10999998	0.31999999	45.00000000	45.00000000
0.20000002	-0.09999999	0.31999999	45.00000000	45.00000000
0.20000002	-0.08999999	0.31999999	45.00000000	45.00000000
0.20000002	-0.07999999	0.31999999	45.00000000	45.00000000
0.20000002	-0.06999999	0.31999999	45.00000000	45.00000000
0.20000002	-0.05999999	0.31999999	45.00000000	45.00000000
0.20000002	-0.05000000	0.31999999	45.00000000	45.00000000
0.20000002	-0.04000000	0.31999999	45.00000000	45.00000000
0.20000002	-0.03000000	0.31999999	45.00000000	45.00000000
0.20000002	-0.02000000	0.31999999	45.00000000	45.00000000
0.20000002	-0.01000000	0.31999999	45.00000000	45.00000000
0.20000002	0.00000000	0.31999999	45.00000000	45.00000000
0.20000002	0.00000000	0.32999998	45.00000000	45.00000000
0.20000002	0.00000000	0.33999997	45.00000000	45.00000000
0.20000002	0.00000000	0.34999996	45.00000000	45.00000000
0.20000002	0.00000000	0.35999995	45.00000000	45.00000000
0.20000002	0.00000000	0.36999995	45.00000000	45.00000000
0.20000002	0.00000000	0.37999994	45.00000000	45.00000000
0.20000002	0.00000000	0.38999993	45.00000000	45.00000000
0.20000002	0.00000000	0.39999992	45.00000000	45.00000000
0.20000002	0.00000000	0.40999991	45.00000000	45.00000000
0.20000002	0.00000000	0.41999990	45.00000000	45.00000000
0.20000002	0.01000000	0.41999990	45.00000000	45.00000000
0.20000002	0.02000000	0.41999990	45.00000000	45.00000000
0.20000002	0.03000000	0.41999990	45.00000000	45.00000000
0.20000002	0.04000000	0.41999990	45.00000000	45.00000000
0.20000002	0.05000000	0.41999990	45.00000000	45.00000000
0.20000002	0.05999999	0.41999990	45.00000000	45.00000000
0.20000002	0.06999999	0.41999990	45.00000000	45.00000000
0.20000002	0.07999999	0.41999990	45.00000000	45.00000000
0.20000002	0.08999999	0.41999990	45.00000000	45.00000000
0.20000002	0.09999999	0.41999990	45.00000000	45.00000000
0.20000002	0.10999998	0.41999990	45.00000000	45.00000000
0.20000002	0.11999998	0.41999990	45.00000000	45.00000000
0.20000002	0.12999998	0.41999990	45.00000000	45.00000000
0.20000002	0.13999999	0.41999990	45.00000000	45.00000000
0.20000002	0.14999999	0.41999990	45.00000000	45.00000000
0.20000002	0.16000000	0.41999990	45.00000000	45.00000000
0.20000002	0.17000000	0.41999990	45.00000000	45.00000000
0.20000002	0.18000001	0.41999990	45.00000000	45.00000000
0.20000002	0.19000001	0.41999990	45.00000000	45.00000000
0.20000002	0.20000002	0.41999990	45.00000000	45.00000000
0.19000001	0.20000002	0.41999990	45.00000000	45.00000000
0.18000001	0.20000002	0.41999990	45.00000000	45.00000000
0.17000000	0.20000002	0.41999990	45.00000000	45.00000000
0.16000000	0.20000002	0.41999990	45.00000000	45.00000000
0.14999999	0.20000002	0.41999990	45.00000000	45.00000000
0.13999999	0.20000002	0.41999990	45.00000000	45.00000000
0.12999998	0.20000002	0.41999990	45.00000000	45.00000000
0.11999998	0.20000002	0.41999990	45.00000000	45.00000000
0.10999998	0.20000002	0.41999990	45.00000000	45.00000000
0.09999999	0.20000002	0.41999990	45.00000000	45.00000000
0.08999999	0.20000002	0.41999990	45.00000000	45.00000000
0.07999999	0.20000002	0.41999990	45.00000000	45.00000000
0.06999999	0.20000002	0.41999990	45.00000000	45.00000000
0.05999999	0.20000002	0.41999990	45.00000000	45.00000000
0.05000000	0.20000002	0.41999990	45.00000000	45.00000000
0.04000000	0.20000002	0.41999990	45.00000000	45.00000000
0.03000000	0.20000002	0.41999990	45.00000000	45.00000000
0.02000000	0.20000002	0.41999990	45.00000000	45.00000000
0.01000000	0.20000002	0.41999990	45.00000000	45.00000000
0.00000000	0.20000002	0.41999990	45.00000000	45.00000000
-0.01000000	0.20000002	0.41999990	45.00000000	45.00000000
-0.02000000	0.20000002	0.41999990	45.00000000	45.00000000
-0.03000000	0.20000002	0.41999990	45.00000000	45.00000000
-0.04000000	0.20000002	0.41999990	45.00000000	45.00000000
-0.05000000	0.20000002	0.41999990	45.00000000	45.00000000
-0.05999999	0.20000002	0.41999990	45.00000000	45.00000000
-0.06999999	0.20000002	0.41999990	45.00000000	45.00000000
-0.07999999	0.20000002	0.41999990	45.00000000	45.00000000
-0.08999999	0.20000002	0.41999990	45.00000000	45.00000000
-0.09999999	0.20000002	0.41999990	45.00000000	45.00000000
-0.10999998	0.20000002	0.41999990	45.00000000	45.00000000
-0.11999998	0.20000002	0.41999990	45.00000000	45.00000000
-0.12999998	0.20000002	0.41999990	45.00000000	45.00000000
-0.13999999	0.20000002	0.41999990	45.00000000	45.00000000
-0.14999999	0.20000002	0.41999990	45.00000000	45.00000000
-0.16000000	0.20000002	0.41999990	45.00000000	45.00000000
-0.17000000	0.20000002	0.41999990	45.00000000	45.00000000
-0.18000001	0.20000002	0.41999990	45.00000000	45.00000000
-0.19000001	0.20000002	0.41999990	45.00000000	45.00000000
-0.20000002	0.20000002	0.41999990	45.00000000	45.00000000
-0.20000002	0.19000001	0.41999990	45.00000000	45.00000000
-0.20000002	0.18000001	0.41999990	45.00000000	45.00000000
-0.20000002	0.17000000	0.41999990	45.00000000	45.00000000
-0.20000002	0.16000000	0.41999990	45.00000000	45.00000000
-0.20000002	0.14999999	0.41999990	45.00000000	45.00000000
-0.20000002	0.13999999	0.41999990	45.00000000	45.00000000
-0.20000002	0.12999998	0.41999990	45.00000000	45.00000000
-0.20000002	0.11999998	0.41999990	45.00000000	45.00000000
-0.20000002	0.10999998	0.41999990	45.00000000	45.00000000
-0.20000002	0.09999999	0.41999990	45.00000000	45.00000000
-0.20000002	0.08999999	0.41999990	45.00000000	45.00000000
-0.20000002	0.07999999	0.41999990	45.00000000	45.00000000
-0.20000002	0.06999999	0.41999990	45.00000000	45.00000000
-0.20000002	0.05999999	0.41999990	45.00000000	45.00000000
-0.20000002	0.05000000	0.41999990	45.00000000	45.00000000
-0.20000002	0.04000000	0.41999990	45.00000000	45.00000000
-0.20000002	0.03000000	0.41999990	45.00000000	45.00000000
-0.20000002	0.02000000	0.41999990	45.00000000	45.00000000
-0.20000002	0.01000000	0.41999990	45.00000000	45.00000000
-0.20000002	0.00000000	0.41999990	45.00000000	45.00000000
-0.20000002	-0.01000000	0.41999990	45.00000000	45.00000000
-0.20000002	-0.02000000	0.41999990	45.00000000	45.00000000
-0.20000002	-0.03000000	0.41999990	45.00000000	45.00000000
-0.20000002	-0.04000000	0.41999990	45.00000000	45.00000000
-0.20000002	-0.05000000	0.41999990	45.00000000	45.00000000
-0.20000002	-0.05999999	0.41999990	45.00000000	45.00000000
-0.20000002	-0.06999999	0.41999990	45.00000000	45.00000000
-0.20000002	-0.07999999	0.41999990	45.00000000	45.00000000
-0.20000002	-0.08999999	0.41999990	45.00000000	45.00000000
-0.20000002	-0.09999999	0.41999990	45.00000000	45.00000000
-0.20000002	-0.10999998	0.41999990	45.00000000	45.00000000
-0.20000002	-0.11999998	0.41999990	45.00000000	45.00000000
-0.20000002	-0.12999998	0.41999990	45.00000000	45.00000000
-0.20000002	-0.13999999	0.41999990	45.00000000	45.00000000
-0.20000002	-0.14999999	0.41999990	45.00000000	45.00000000
-0.20000002	-0.16000000	0.41999990	45.00000000	45.00000000
-0.20000002	-0.17000000	0.41999990	45.00000000	45.00000000
-0.20000002	-0.18000001	0.41999990	45.00000000	45.00000000
-0.20000002	-0.19000001	0.41999990	45.00000000	45.00000000
-0.20000002	-0.20000002	0.41999990	45.00000000	45.00000000
-0.19000001	-0.20000002	0.41999990	45.00000000	45.00000000
-0.18000001	-0.20000002	0.41999990	45.00000000	45.00000000
-0.17000000	-0.20000002	0.41999990	45.00000000	45.00000000
-0.16000000	-0.20000002	0.41999990	45.00000000	45.00000000
-0.14999999	-0.20000002	0.41999990	45.00000000	45.00000000
-0.13999999	-0.20000002	0.41999990	45.00000000	45.00000000
-0.12999998	-0.20000002	0.41999990	45.00000000	45.00000000
-0.11999998	-0.20000002	0.41999990	45.00000000	45.00000000
-0.10999998	-0.20000002	0.41999990	45.00000000	45.00000000
-0.09999999	-0.20000002	0.41999990	45.00000000	45.00000000
-0.08999999	-0.20000002	0.41999990	45.00000000	45.00000000
-0.07999999	-0.20000002	0.41999990	45.00000000	45.00000000
-0.06999999	-0.20000002	0.41999990	45.00000000	45.00000000
-0.05999999	-0.20000002	0.41999990	45.00000000	45.00000000
-0.05000000	-0.20000002	0.41999990	45.00000000	45.00000000
-0.04000000	-0.20000002	0.41999990	45.00000000	45.00000000
-0.03000000	-0.20000002	0.41999990	45.00000000	45.00000000
-0.02000000	-0.20000002	0.41999990	45.00000000	45.00000000
-0.01000000	-0.20000002	0.41999990	45.00000000	45.00000000
0.00000000	-0.20000002	0.41999990	45.00000000	45.00000000
0.01000000	-0.20000002	0.41999990	45.00000000	45.00000000
0.02000000	-0.20000002	0.41999990	45.00000000	45.00000000
0.03000000	-0.20000002	0.41999990	45.00000000	45.00000000
0.04000000	-0.20000002	0.41999990	45.00000000	45.00000000
0.05000000	-0.20000002	0.41999990	45.00000000	45.00000000
0.05999999	-0.20000002	0.41999990	45.00000000	45.00000000
0.06999999	-0.20000002	0.41999990	45.00000000	45.00000000
0.07999999	-0.20000002	0.41999990	45.00000000	45.00000000
0.08999999	-0.20000002	0.41999990	45.00000000	45.00000000
0.09999999	-0.20000002	0.41999990	45.00000000	45.00000000
0.10999998	-0.20000002	0.41999990	45.00000000	45.00000000
0.11999998	-0.20000002	0.41999990	45.00000000	45.00000000
0.12999998	-0.20000002	0.41999990	45.00000000	45.00000000
0.13999999	-0.20000002	0.41999990	45.00000000	45.00000000
0.14999999	-0.20000002	0.41999990	45.00000000	45.00000000
0.16000000	-0.20000002	0.41999990	45.00000000	45.00000000
0.17000000	-0.20000002	0.41999990	45.00000000	45.00000000
0.18000001	-0.20000002	0.41999990	45.00000000	45.00000000
0.19000001	-0.20000002	0.41999990	45.00000000	45.00000000
0.20000002	-0.20000002	0.41999990	45.00000000	45.00000000
0.20000002	-0.19000001	0.41999990	45.00000000	45.00000000
0.20000002	-0.18000001	0.41999990	45.00000000	45.00000000
0.20000002	-0.17000000	0.41999990	45.00000000	45.00000000
0.20000002	-0.16000000	0.41999990	45.00000000	45.00000000
0.20000002	-0.14999999	0.41999990	45.00000000	45.00000000
0.20000002	-0.13999999	0.41999990	45.00000000	45.00000000
0.20000002	-0.12999998	0.41999990	45.00000000	45.00000000
0.20000002	-0.11999998	0.41999990	45.00000000	45.00000000
0.20000002	-0.10999998	0.41999990	45.00000000	45.00000000
0.20000002	-0.09999999	0.41999990	45.00000000	45.00000000
0.20000002	-0.08999999	0.41999990	45.00000000	45.00000000
0.20000002	-0.07999999	0.41999990	45.00000000	45.00000000
0.20000002	-0.06999999	0.41999990	45.00000000	45.00000000
0.20000002	-0.05999999	0.41999990	45.00000000	45.00000000
0.20000002	-0.05000000	0.41999990	45.00000000	45.00000000
0.20000002	-0.04000000	0.41999990	45.00000000	45.00000000
0.20000002	-0.03000000	0.41999990	45.00000000	45.00000000
0.20000002	-0.02000000	0.41999990	45.00000000	45.00000000
0.20000002	-0.01000000	0.41999990	45.00000000	45.00000000
0.20000002	0.00000000	0.41999990	45.00000000	45.00000000
0.20000002	0.00000000	0.42999989	45.00000000	45.00000000
0.20000002	0.00000000	0.43999988	45.00000000	45.00000000
0.20000002	0.00000000	0.44999987	45.00000000	45.00000000
0.20000002	0.00000000	0.45999986	45.00000000	45.00000000
0.20000002	0.00000000	0.46999985	45.00000000	45.00000000
0.20000002	0.00000000	0.47999984	45.00000000	45.00000000
0.20000002	0.00000000	0.48999983	45.00000000	45.00000000
0.20000002	0.00000000	0.49999982	45.00000000	45.00000000
0.20000002	0.00000000	0.50999981	45.00000000	45.00000000
0.20000002	0.00000000	0.51999980	45.00000000	45.00000000
0.20000002	0.01000000	0.51999980	45.00000000	45.00000000
0.20000002	0.02000000	0.51999980	45.00000000	45.00000000
0.20000002	0.03000000	0.51999980	45.00000000	45.00000000
0.20000002	0.04000000	0.51999980	45.00000000	45.00000000
0.20000002	0.05000000	0.51999980	45.00000000	45.00000000
0.20000002	0.05999999	0.51999980	45.00000000	45.00000000
0.20000002	0.06999999	0.51999980	45.00000000	45.00000000
0.20000002	0.07999999	0.51999980	45.00000000	45.00000000
0.20000002	0.08999999	0.51999980	45.00000000	45.00000000
0.20000002	0.09999999	0.51999980	45.00000000	45.00000000
0.20000002	0.10999998	0.51999980	45.00000000	45.00000000
0.20000002	0.11999998	0.51999980	45.00000000	45.00000000
0.20000002	0.12999998	0.51999980	45.00000000	45.00000000
0.20000002	0.13999999	0.51999980	45.00000000	45.00000000
0.20000002	0.14999999	0.51999980	45.00000000	45.00000000
0.20000002	0.16000000	0.51999980	45.00000000	45.00000000
0.20000002	0.17000000	0.51999980	45.00000000	45.00000000
0.20000002	0.18000001	0.51999980	45.00000000	45.00000000
0.20000002	0.19000001	0.51999980	45.00000000	45.00000000
0.20000002	0.20000002	0.51999980	45.00000000	45.00000000
0.19000001	0.20000002	0.51999980	45.00000000	45.00000000
0.18000001	0.20000002	0.51999980	45.00000000	45.00000000
0.17000000	0.20000002	0.51999980	45.00000000	45.00000000
0.16000000	0.20000002	0.51999980	45.00000000	45.00000000
0.14999999	0.20000002	0.51999980	45.00000000	45.00000000
0.13999999	0.20000002	0.51999980	45.00000000	45.00000000
0.12999998	0.20000002	0.51999980	45.00000000	45.00000000
0.11999998	0.20000002	0.51999980	45.00000000	45.00000000
0.10999998	0.20000002	0.51999980	45.00000000	45.00000000
0.09999999	0.20000002	0.51999980	45.00000000	45.00000000
0.08999999	0.20000002	0.51999980	45.00000000	45.00000000
0.07999999	0.20000002	0.51999980	45.00000000	45.00000000
0.06999999	0.20000002	0.51999980	45.00000000	45.00000000
0.05999999	0.20000002	0.51999980	45.00000000	45.00000000
0.05000000	0.20000002	0.51999980	45.00000000	45.00000000
0.04000000	0.20000002	0.51999980	45.00000000	45.00000000
0.03000000	0.20000002	0.51999980	45.00000000	45.00000000
0.02000000	0.20000002	0.51999980	45.00000000	45.00000000
0.01000000	0.20000002	0.51999980	45.00000000	45.00000000
0.00000000	0.20000002	0.51999980	45.00000000	45.00000000
-0.01000000	0.20000002	0.51999980	45.00000000	45.00000000
-0.02000000	0.20000002	0.51999980	45.00000000	45.00000000
-0.03000000	0.20000002	0.51999980	45.00000000	45.00000000
-0.04000000	0.20000002	0.51999980	45.00000000	45.00000000
-0.05000000	0.20000002	0.51999980	45.00000000	45.00000000
-0.05999999	0.20000002	0.51999980	45.00000000	45.00000000
-0.06999999	0.20000002	0.51999980	45.00000000	45.00000000
-0.07999999	0.20000002	0.51999980	45.00000000	45.00000000
-0.08999999	0.20000002	0.51999980	45.00000000	45.00000000
-0.09999999	0.20000002	0.51999980	45.00000000	45.00000000
-0.10999998	0.20000002	0.51999980	45.00000000	45.00000000
-0.11999998	0.20000002	0.51999980	45.00000000	45.00000000
-0.12999998	0.20000002	0.51999980	45.00000000	45.00000000
-0.13999999	0.20000002	0.51999980	45.00000000	45.00000000
-0.14999999	0.20000002	0.51999980	45.00000000	45.00000000
-0.16000000	0.20000002	0.51999980	45.00000000	45.00000000
-0.17000000	0.20000002	0.51999980	45.00000000	45.00000000
-0.18000001	0.20000002	0.51999980	45.00000000	45.00000000
-0.19000001	0.20000002	0.51999980	45.00000000	45.00000000
-0.20000002	0.20000002	0.51999980	45.00000000	45.00000000
-0.20000002	0.19000001	0.51999980	45.00000000	45.00000000
-0.20000002	0.18000001	0.51999980	45.00000000	45.00000000
-0.20000002	0.17000000	0.51999980	45.00000000	45.00000000
-0.20000002	0.16000000	0.51999980	45.00000000	45.00000000
-0.20000002	0.14999999	0.51999980	45.00000000	45.00000000
-0.20000002	0.13999999	0.51999980	45.00000000	45.00000000
-0.20000002	0.12999998	0.51999980	45.00000000	45.00000000
-0.20000002	0.11999998	0.51999980	45.00000000	45.00000000
-0.20000002	0.10999998	0.51999980	45.00000000	45.00000000
-0.20000002	0.09999999	0.51999980	45.00000000	45.00000000
-0.20000002	0.08999999	0.51999980	45.00000000	45.00000000
-0.20000002	0.07999999	0.51999980	45.00000000	45.00000000
-0.20000002	0.06999999	0.51999980	45.00000000	45.00000000
-0.20000002	0.05999999	0.51999980	45.00000000	45.00000000
-0.20000002	0.05000000	0.51999980	45.00000000	45.00000000
-0.20000002	0.04000000	0.51999980	45.00000000	45.00000000
-0.20000002	0.03000000	0.51999980	45.00000000	45.00000000
-0.20000002	0.02000000	0.51999980	45.00000000	45.00000000
-0.20000002	0.01000000	0.51999980	45.00000000	45.00000000
-0.20000002	0.00000000	0.51999980	45.00000000	45.00000000
-0.20000002	-0.01000000	0.51999980	45.00000000	45.00000000
-0.20000002	-0.02000000	0.51999980	45.00000000	45.00000000
-0.20000002	-0.03000000	0.51999980	45.00000000	45.00000000
-0.20000002	-0.04000000	0.51999980	45.00000000	45.00000000
-0.20000002	-0.05000000	0.51999980	45.00000000	45.00000000
-0.20000002	-0.05999999	0.51999980	45.00000000	45.00000000
-0.20000002	-0.06999999	0.51999980	45.00000000	45.00000000
-0.20000002	-0.07999999	0.51999980	45.00000000	45.00000000
-0.20000002	-0.08999999	0.51999980	45.00000000	45.00000000
-0.20000002	-0.09999999	0.51999980	45.00000000	45.00000000
-0.20000002	-0.10999998	0.51999980	45.00000000	45.00000000
-0.20000002	-0.11999998	0.51999980	45.00000000	45.00000000
-0.20000002	-0.12999998	0.51999980	45.00000000	45.00000000
-0.20000002	-0.13999999	0.51999980	45.00000000	45.00000000
-0.20000002	-0.14999999	0.51999980	45.00000000	45.00000000
-0.20000002	-0.16000000	0.51999980	45.00000000	45.00000000
-0.20000002	-0.17000000	0.51999980	45.00000000	45.00000000
-0.20000002	-0.18000001	0.51999980	45.00000000	45.00000000
-0.20000002	-0.19000001	0.51999980	45.00000000	45.00000000
-0.20000002	-0.20000002	0.51999980	45.00000000	45.00000000
-0.19000001	-0.20000002	0.51999980	45.00000000	45.00000000
-0.18000001	-0.20000002	0.51999980	45.00000000	45.00000000
-0.17000000	-0.20000002	0.51999980	45.00000000	45.00000000
-0.16000000	-0.20000002	0.51999980	45.00000000	45.00000000
-0.14999999	-0.20000002	0.51999980	45.00000000	45.00000000
-0.13999999	-0.20000002	0.51999980	45.00000000	45.00000000
-0.12999998	-0.20000002	0.51999980	45.00000000	45.00000000
-0.11999998	-0.20000002	0.51999980	45.00000000	45.00000000
-0.10999998	-0.20000002	0.51999980	45.00000000	45.00000000
-0.09999999	-0.20000002	0.51999980	45.00000000	45.00000000
-0.08999999	-0.20000002	0.51999980	45.00000000	45.00000000
-0.07999999	-0.20000002	0.51999980	45.00000000	45.00000000
-0.06999999	-0.20000002	0.51999980	45.00000000	45.00000000
-0.05999999	-0.20000002	0.51999980	45.00000000	45.00000000
-0.05000000	-0.20000002	0.51999980	45.00000000	45.00000000
-0.04000000	-0.20000002	0.51999980	45.00000000	45.00000000
-0.03000000	-0.20000002	0.51999980	45.00000000	45.00000000
-0.02000000	-0.20000002	0.51999980	45.00000000	45.00000000
-0.01000000	-0.20000002	0.51999980	45.00000000	45.00000000
0.00000000	-0.20000002	0.51999980	45.00000000	45.00000000
0.01000000	-0.20000002	0.51999980	45.00000000	45.00000000
0.02000000	-0.20000002	0.51999980	45.00000000	45.00000000
0.03000000	-0.20000002	0.51999980	45.00000000	45.00000000
0.04000000	-0.20000002	0.51999980	45.00000000	45.00000000
0.05000000	-0.20000002	0.51999980	45.00000000	45.00000000
0.05999999	-0.20000002	0.51999980	45.00000000	45.00000000
0.06999999	-0.20000002	0.51999980	45.00000000	45.00000000
0.07999999	-0.20000002	0.51999980	45.00000000	45.00000000
0.08999999	-0.20000002	0.51999980	45.00000000	45.00000000
0.09999999	-0.20000002	0.51999980	45.00000000	45.00000000
0.10999998	-0.20000002	0.51999980	45.00000000	45.00000000
0.11999998	-0.20000002	0.51999980	45.00000000	45.00000000
0.12999998	-0.20000002	0.51999980	45.00000000	45.00000000
0.13999999	-0.20000002	0.51999980	45.00000000	45.00000000
0.14999999	-0.20000002	0.51999980	45.00000000	45.00000000
0.16000000	-0.20000002	0.51999980	45.00000000	45.00000000
0.17000000	-0.20000002	0.51999980	45.00000000	45.00000000
0.18000001	-0.20000002	0.51999980	45.00000000	45.00000000
0.19000001	-0.20000002	0.51999980	45.00000000	45.00000000
0.20000002	-0.20000002	0.51999980	45.00000000	45.00000000
0.20000002	-0.19000001	0.51999980	45.00000000	45.00000000
0.20000002	-0.18000001	0.51999980	45.00000000	45.00000000
0.20000002	-0.17000000	0.51999980	45.00000000	45.00000000
0.20000002	-0.16000000	0.51999980	45.00000000	45.00000000
0.20000002	-0.14999999	0.51999980	45.00000000	45.00000000
0.20000002	-0.13999999	0.51999980	45.00000000	45.00000000
0.20000002	-0.12999998	0.51999980	45.00000000	45.00000000
0.20000002	-0.11999998	0.51999980	45.00000000	45.00000000
0.20000002	-0.10999998	0.51999980	45.00000000	45.00000000
0.20000002	-0.09999999	0.51999980	45.00000000	45.00000000
0.20000002	-0.08999999	0.51999980	45.00000000	45.00000000
0.20000002	-0.07999999	0.51999980	45.00000000	45.00000000
0.20000002	-0.06999999	0.51999980	45.00000000	45.00000000
0.20000002	-0.05999999	0.51999980	45.00000000	45.00000000
0.20000002	-0.05000000	0.51999980	45.00000000	45.00000000
0.20000002	-0.04000000	0.51999980	45.00000000	45.00000000
0.20000002	-0.03000000	0.51999980	45.00000000	45.00000000
0.20000002	-0.02000000	0.51999980	45.00000000	45.00000000
0.20000002	-0.01000000	0.51999980	45.00000000	45.00000000
0.20000002	0.00000000	0.51999980	45.00000000	45.00000000
