-0.25285994	-0.15877616	-0.39284022	-0.35637628	0.01445405	0.00047283	-0.36850922	-0.26644740
-0.24040160	-0.13881318	-0.35878372	-0.39206251	0.01058246	-0.02292543	-0.49092834	-0.29749326
-0.22556305	-0.12158982	-0.32274484	-0.42108923	0.00554065	-0.04732329	-0.61361623	-0.31107651
-0.20939327	-0.10652122	-0.28652548	-0.44071442	-0.00070475	-0.07140649	-0.72450812	-0.31095445
-0.19275274	-0.09344465	-0.25176967	-0.44931921	-0.00826064	-0.09364813	-0.81176906	-0.30141702
-0.17619380	-0.08221572	-0.21880326	-0.44645089	-0.01644311	-0.11270079	-0.86574818	-0.28554398
-0.16014116	-0.07239430	-0.18927822	-0.43207467	-0.02495915	-0.12727330	-0.88155128	-0.26612061
-0.14470711	-0.06409031	-0.16216781	-0.40831575	-0.03273943	-0.13675657	-0.86083391	-0.24494213
-0.13062202	-0.05671406	-0.13839300	-0.37621210	-0.03755800	-0.14140295	-0.80975964	-0.22358363
-0.11743477	-0.05041756	-0.11758499	-0.33927768	-0.03725733	-0.14126854	-0.73708086	-0.20288528
-0.10531348	-0.04487000	-0.09941257	-0.29921688	-0.02945617	-0.13707866	-0.65281280	-0.18334040
-0.09472880	-0.03981880	-0.08402582	-0.25863766	-0.01176154	-0.12986876	-0.56541242	-0.16521124
-0.08492693	-0.03583987	-0.07071531	-0.21974508	0.01731949	-0.12057513	-0.48063589	-0.14876826
-0.07621462	-0.03186972	-0.05934796	-0.18317397	0.05705882	-0.10953904	-0.40291458	-0.13372439
-0.06839730	-0.02866899	-0.04986857	-0.15017658	0.10501332	-0.09861352	-0.33388729	-0.12035136
-0.06156142	-0.02568748	-0.04176547	-0.12115377	0.15674270	-0.08720567	-0.27432776	-0.10824518
-0.05539448	-0.02336923	-0.03495999	-0.09597623	0.20669077	-0.07665488	-0.22384466	-0.09757751
-0.04993328	-0.02123421	-0.02908616	-0.07446877	0.24974817	-0.06630027	-0.18200502	-0.08797908
-0.04503296	-0.01918056	-0.02427810	-0.05652873	0.28235813	-0.05712024	-0.14759783	-0.07959816
-0.04084382	-0.01734628	-0.02012165	-0.04182531	0.30277431	-0.04889261	-0.11919630	-0.07200036
-0.04074565	-0.01855159	-0.02084488	-0.04662989	0.23008929	-0.05569355	-0.12490191	-0.07398952
-0.04080059	-0.01976650	-0.02131117	-0.04960714	0.14945184	-0.06249759	-0.12851610	-0.07531127
-0.04045842	-0.02059806	-0.02147579	-0.05151615	0.06763841	-0.06917143	-0.12950355	-0.07625257
-0.03929241	-0.02149667	-0.02178519	-0.05233037	-0.00785271	-0.07523882	-0.12800749	-0.07636490
-0.03774655	-0.02218887	-0.02138151	-0.05235268	-0.07303332	-0.08072087	-0.12455368	-0.07604683
-0.03572313	-0.02286558	-0.02127141	-0.05161591	-0.12471703	-0.08422654	-0.11939441	-0.07538824
-0.03315199	-0.02332898	-0.02076847	-0.05029256	-0.16216190	-0.08674354	-0.11265386	-0.07391124
-0.03038983	-0.02378880	-0.02020236	-0.04867882	-0.18721401	-0.08730558	-0.10519057	-0.07202983
-0.02694615	-0.02404689	-0.01955118	-0.04668063	-0.20070086	-0.08621632	-0.09685652	-0.07000213
-0.02335684	-0.02414060	-0.01886160	-0.04469559	-0.20587987	-0.08274207	-0.08823483	-0.06755551
-0.01943245	-0.02413342	-0.01806102	-0.04244686	-0.20408203	-0.07790996	-0.07982784	-0.06474829
-0.01517496	-0.02398433	-0.01740748	-0.04010094	-0.19741629	-0.07126383	-0.07142427	-0.06169279
-0.01103404	-0.02379720	-0.01652128	-0.03775693	-0.18760663	-0.06346368	-0.06320483	-0.05854134
-0.00659137	-0.02369204	-0.01568546	-0.03566255	-0.17630599	-0.05471216	-0.05575498	-0.05529450
-0.00250178	-0.02323597	-0.01518746	-0.03326534	-0.16417491	-0.04549709	-0.04903274	-0.05233453
0.00156015	-0.02281670	-0.01422146	-0.03137956	-0.15168442	-0.03622464	-0.04277272	-0.04903563
0.00531068	-0.02243090	-0.01349653	-0.02939380	-0.13921905	-0.02693175	-0.03717113	-0.04596775
0.00922731	-0.02189201	-0.01266954	-0.02773351	-0.12776178	-0.01881057	-0.03216613	-0.04272333
0.01232168	-0.02131241	-0.01214420	-0.02578530	-0.11671686	-0.01085729	-0.02760334	-0.03966641
0.01521425	-0.02072764	-0.01132578	-0.02420512	-0.10658053	-0.00390739	-0.02391749	-0.03691070
0.01827376	-0.02221671	-0.01219009	-0.02603553	-0.11228019	-0.00922810	-0.02627499	-0.03855643
0.02173603	-0.02384559	-0.01281562	-0.02775528	-0.11685852	-0.01642347	-0.02882383	-0.04034792
0.02566603	-0.02556220	-0.01403080	-0.02980694	-0.12058529	-0.02469978	-0.03159913	-0.04194301
0.03043033	-0.02745980	-0.01545872	-0.03165243	-0.12286240	-0.03487522	-0.03405361	-0.04335476
0.03622611	-0.02961812	-0.01646609	-0.03317525	-0.12384199	-0.04712359	-0.03678796	-0.04478180
0.04260835	-0.03193259	-0.01762616	-0.03483333	-0.12331639	-0.06112814	-0.03911664	-0.04606620
0.05034678	-0.03423885	-0.01857755	-0.03611268	-0.12147427	-0.07721782	-0.04132138	-0.04720742
0.05949279	-0.03674870	-0.01950518	-0.03769010	-0.11837913	-0.09480847	-0.04308265	-0.04768460
0.06999323	-0.03955223	-0.02079267	-0.03891552	-0.11400698	-0.11318366	-0.04452608	-0.04761625
0.08234149	-0.04250529	-0.02196426	-0.03992357	-0.10871579	-0.13189166	-0.04552330	-0.04774993
0.09650007	-0.04537269	-0.02298805	-0.04074383	-0.10253756	-0.14976130	-0.04568532	-0.04665721
0.11254823	-0.04884083	-0.02393532	-0.04153845	-0.09575585	-0.16591042	-0.04542801	-0.04513324
0.13085290	-0.05231055	-0.02486005	-0.04161835	-0.08867747	-0.17889882	-0.04443199	-0.04291997
0.15061292	-0.05578064	-0.02567386	-0.04163465	-0.08119852	-0.18752010	-0.04263980	-0.03999830
0.17291068	-0.05940234	-0.02649123	-0.04157295	-0.07404444	-0.19096086	-0.04038082	-0.03617114
0.19633348	-0.06321448	-0.02725815	-0.04115205	-0.06685486	-0.18953230	-0.03749547	-0.03153725
0.22068645	-0.06699429	-0.02745185	-0.04038178	-0.05959845	-0.18293436	-0.03417812	-0.02557918
0.24504005	-0.07085959	-0.02790026	-0.03938190	-0.05300926	-0.17182586	-0.03048504	-0.01898293
0.26807926	-0.07474394	-0.02806114	-0.03822983	-0.04682626	-0.15729523	-0.02637856	-0.01184207
0.28842003	-0.07818754	-0.02802427	-0.03671663	-0.04116909	-0.14029502	-0.02228201	-0.00394807
0.30445573	-0.08157026	-0.02789755	-0.03523570	-0.03543185	-0.12239320	-0.01809789	0.00446686
0.31474010	-0.08449090	-0.02749451	-0.03331552	-0.03076131	-0.10442765	-0.01381273	0.01331692
0.31786255	-0.08696178	-0.02677125	-0.03163022	-0.02636384	-0.08701961	-0.01004665	0.02199420
0.31371408	-0.08867466	-0.02607296	-0.02972615	-0.02240466	-0.07088694	-0.00600471	0.03097942
0.30125513	-0.08989841	-0.02512892	-0.02764163	-0.01913932	-0.05632991	-0.00283706	0.03904623
0.28201467	-0.08996400	-0.02386228	-0.02579024	-0.01570400	-0.04387517	0.00007582	0.04677180
0.25664081	-0.08913710	-0.02255266	-0.02349621	-0.01295939	-0.03298797	0.00291953	0.05359169
0.22713388	-0.08714526	-0.02113936	-0.02158428	-0.01071066	-0.02384975	0.00561917	0.05917446
0.19519823	-0.08405836	-0.01957057	-0.01970273	-0.00855327	-0.01623606	0.00729537	0.06388561
0.16312746	-0.07980251	-0.01795731	-0.01784152	-0.00683258	-0.01017993	0.00899513	0.06726905
0.13191094	-0.07453216	-0.01636542	-0.01591124	-0.00535753	-0.00537302	0.01027331	0.06958637
0.10342069	-0.06770887	-0.01462849	-0.01426237	-0.00374293	-0.00143015	0.01140693	0.07077140
0.07761857	-0.06023666	-0.01284507	-0.01242358	-0.00269271	0.00154839	0.01202561	0.07079647
0.05555764	-0.05181084	-0.01119143	-0.01094668	-0.00195741	0.00385493	0.01286848	0.07004066
0.03743981	-0.04301380	-0.00964743	-0.00977561	-0.00099798	0.00564041	0.01301277	0.06857464
0.02231625	-0.03368067	-0.00777374	-0.00804480	-0.00026595	0.00670325	0.01316336	0.06621117
0.01016159	-0.02406651	-0.00604675	-0.00689813	0.00046459	0.00781187	0.01332095	0.06340013
0.00104941	-0.01504738	-0.00464444	-0.00563711	0.00095577	0.00841281	0.01334815	0.06011855
-0.00613463	-0.00625658	-0.00328960	-0.00485710	0.00134062	0.00865492	0.01305194	0.05685912
-0.01149969	0.00187254	-0.00213930	-0.00385376	0.00175195	0.00894292	0.01299461	0.05307784
-0.01777922	0.00247702	-0.00218867	-0.00367518	0.00207415	0.00991054	0.01389653	0.05749142
-0.02464588	0.00253734	-0.00231532	-0.00343613	0.00250313	0.01111388	0.01499628	0.06237333
-0.03183850	0.00326334	-0.00241973	-0.00336496	0.00315688	0.01272881	0.01606846	0.06751795
-0.03940332	0.00445559	-0.00226558	-0.00291929	0.00362506	0.01420075	0.01707594	0.07281379
-0.04667804	0.00597491	-0.00213171	-0.00251672	0.00419268	0.01591562	0.01845898	0.07841225
-0.05371364	0.00838252	-0.00192922	-0.00223169	0.00477963	0.01743355	0.01971944	0.08398947
-0.05951198	0.01146472	-0.00176840	-0.00162797	0.00544376	0.01939862	0.02097045	0.08942115
-0.06453871	0.01587934	-0.00166625	-0.00104128	0.00600844	0.02097750	0.02270942	0.09510350
-0.06794306	0.02223822	-0.00116124	-0.00019632	0.00631956	0.02274841	0.02412850	0.10021212
-0.06992444	0.03109482	-0.00046137	0.00036251	0.00680423	0.02466180	0.02588421	0.10494122
-0.07020978	0.04289108	0.00026473	0.00139476	0.00741091	0.02634501	0.02733331	0.10897147
-0.06887018	0.05871057	0.00144395	0.00259672	0.00795842	0.02822750	0.02931197	0.11211504
-0.06563440	0.07886334	0.00257493	0.00406078	0.00858960	0.02973191	0.03065897	0.11403531
-0.06143344	0.10400704	0.00447408	0.00539253	0.00889199	0.03136004	0.03258041	0.11477056
-0.05612702	0.13425557	0.00642934	0.00682121	0.00932528	0.03275291	0.03427842	0.11376886
-0.04986469	0.16923192	0.00927484	0.00836475	0.00962172	0.03355264	0.03615080	0.11132912
-0.04341441	0.20783649	0.01242331	0.01036684	0.00986980	0.03459312	0.03770094	0.10760456
-0.03659419	0.24747036	0.01635028	0.01240512	0.01020937	0.03516063	0.03918613	0.10178814
-0.02993442	0.28571056	0.02094806	0.01431442	0.01027911	0.03573766	0.04055241	0.09473835
-0.02373976	0.31875766	0.02671026	0.01663684	0.01046646	0.03581208	0.04171180	0.08664155
-0.01798519	0.34417822	0.03294311	0.01889049	0.01039974	0.03581400	0.04239628	0.07798339
-0.01271592	0.36003275	0.04007578	0.02125829	0.01036164	0.03538183	0.04326608	0.06857814
-0.00804439	0.36471516	0.04840967	0.02351451	0.01033106	0.03542361	0.04400054	0.05907444
-0.00369534	0.35921519	0.05681549	0.02561653	0.01006426	0.03469727	0.04431940	0.04993949
-0.00030816	0.34513600	0.06606475	0.02784766	0.00967878	0.03414476	0.04448995	0.04154651
0.00244386	0.32435741	0.07541980	0.02981459	0.00930979	0.03335643	0.04419386	0.03355697
0.00489061	0.29947401	0.08471243	0.03192489	0.00895004	0.03226285	0.04395853	0.02671081
0.00673341	0.27250329	0.09356884	0.03348225	0.00870775	0.03133984	0.04330950	0.02059833
0.00827429	0.24469448	0.10179890	0.03486110	0.00805866	0.03053551	0.04271983	0.01540827
0.00945545	0.21745790	0.10897812	0.03619389	0.00765754	0.02928163	0.04173085	0.01128563
0.01021589	0.19230455	0.11482304	0.03686827	0.00710247	0.02808911	0.04075352	0.00777552
0.01084038	0.16918886	0.11883375	0.03742137	0.00667338	0.02710977	0.03968960	0.00503260
0.01120032	0.14811133	0.12134942	0.03753777	0.00599653	0.02594279	0.03836213	0.00303825
0.01154307	0.12973507	0.12198813	0.03745160	0.00536970	0.02481285	0.03716908	0.00138485
0.01156095	0.11380777	0.12098881	0.03709216	0.00489042	0.02377183	0.03569351	0.00038782
0.01158389	0.09962629	0.11839295	0.03624693	0.00468068	0.02267679	0.03419899	-0.00019411
0.01152084	0.08702323	0.11442970	0.03520790	0.00407373	0.02186632	0.03274931	-0.00097974
0.01124094	0.07652699	0.10980679	0.03406251	0.00359447	0.02041574	0.03115922	-0.00113832
0.01106682	0.06727534	0.10405006	0.03241900	0.00296686	0.01968190	0.02968277	-0.00120814
0.01075512	0.05929065	0.09771740	0.03103142	0.00234389	0.01863615	0.02830684	-0.00122236
0.01091612	0.06281012	0.10654457	0.03342936	0.00233433	0.01952476	0.03005974	0.00085258
0.01096439	0.06608128	0.11585076	0.03584898	0.00234183	0.02026771	0.03217891	0.00312299
0.01092820	0.06865773	0.12550277	0.03811528	0.00224274	0.02085472	0.03445662	0.00584940
0.01075148	0.07063163	0.13545691	0.04145840	0.00203220	0.02181278	0.03674947	0.00874477
0.01032634	0.07225389	0.14522492	0.04415824	0.00184103	0.02253230	0.03918534	0.01194556
0.00996693	0.07291872	0.15468611	0.04753665	0.00168827	0.02316553	0.04157887	0.01522072
0.00961698	0.07286404	0.16326065	0.05103022	0.00146292	0.02396458	0.04421314	0.01877035
0.00897647	0.07209009	0.17060763	0.05467489	0.00103572	0.02442289	0.04720330	0.02204614
0.00816644	0.07067478	0.17667106	0.05839363	0.00057350	0.02505578	0.04992256	0.02544496
0.00745567	0.06875886	0.18057183	0.06257840	0.00021083	0.02553146	0.05251563	0.02874312
0.00628998	0.06624481	0.18216229	0.06681849	-0.00029213	0.02592043	0.05527846	0.03168810
0.00524871	0.06318740	0.18143745	0.07111430	-0.00078336	0.02663854	0.05803553	0.03437564
0.00416436	0.05990715	0.17790650	0.07587541	-0.00152200	0.02666019	0.06047254	0.03650147
0.00306140	0.05625424	0.17213607	0.08057685	-0.00204939	0.02693603	0.06293296	0.03804558
0.00168940	0.05270073	0.16430036	0.08538119	-0.00292853	0.02707946	0.06501777	0.03892551
0.00046522	0.04881592	0.15522416	0.09043787	-0.00365319	0.02659124	0.06678718	0.03932905
-0.00075382	0.04509384	0.14468768	0.09571909	-0.00468743	0.02681468	0.06841507	0.03901265
-0.00228248	0.04150724	0.13383261	0.10133070	-0.00555546	0.02641569	0.06929433	0.03813546
-0.00328571	0.03790763	0.12330120	0.10710788	-0.00651740	0.02601278	0.07000435	0.03654374
-0.00452113	0.03459155	0.11311427	0.11364500	-0.00760389	0.02533984	0.07016322	0.03462243
-0.00593726	0.03165101	0.10320356	0.12013925	-0.00849865	0.02482301	0.06993500	0.03224286
-0.00676378	0.02851409	0.09434765	0.12742639	-0.00936273	0.02381911	0.06897748	0.02942627
-0.00811025	0.02584083	0.08598259	0.13493761	-0.01048688	0.02286450	0.06751307	0.02641769
-0.00885805	0.02297079	0.07863762	0.14265194	-0.01095119	0.02203903	0.06533170	0.02362578
-0.00980331	0.02080028	0.07213738	0.14999389	-0.01148430	0.02082279	0.06297731	0.02044525
-0.01013874	0.01881928	0.06601253	0.15675169	-0.01165631	0.01964423	0.06035729	0.01755231
-0.01102151	0.01684126	0.06078890	0.16253876	-0.01178263	0.01841462	0.05727656	0.01441814
-0.01177307	0.01519929	0.05595377	0.16702247	-0.01148072	0.01748407	0.05396156	0.01191230
-0.01207177	0.01359239	0.05128289	0.16956936	-0.01074389	0.01609016	0.05058336	0.00907968
-0.01256140	0.01238056	0.04728471	0.17009765	-0.00935819	0.01482188	0.04710400	0.00722764
-0.01289662	0.01091117	0.04355340	0.16869127	-0.00809748	0.01335435	0.04364651	0.00500491
-0.01294232	0.00969221	0.04005145	0.16537140	-0.00573684	0.01244591	0.04024747	0.00299914
-0.01301502	0.00865431	0.03708906	0.16005928	-0.00324671	0.01123801	0.03702810	0.00123363
-0.01292357	0.00782768	0.03423067	0.15402528	-0.00035150	0.00990656	0.03389819	-0.00016978
-0.01290337	0.00699958	0.03174717	0.14675936	0.00314990	0.00883923	0.03104484	-0.00137700
-0.01294168	0.00620569	0.02948504	0.13869820	0.00665647	0.00818539	0.02831479	-0.00243104
-0.01292362	0.00562990	0.02742120	0.13018607	0.01021518	0.00713057	0.02603909	-0.00343360
-0.01260805	0.00507801	0.02543771	0.12167681	0.01369379	0.00643035	0.02371594	-0.00407968
-0.01212747	0.00465866	0.02336840	0.11314089	0.01749792	0.00557667	0.02170797	-0.00455473
-0.01192462	0.00399690	0.02170675	0.10493934	0.02087030	0.00502538	0.01989359	-0.00516996
-0.01309085	0.00337534	0.02069635	0.11080186	0.02778595	0.00476120	0.01949428	-0.00690499
-0.01412281	0.00300307	0.01940905	0.11586459	0.03642593	0.00433069	0.01883920	-0.00885231
-0.01544191	0.00216492	0.01762179	0.11941466	0.04669714	0.00404940	0.01735126	-0.01108187
-0.01684406	0.00153278	0.01584628	0.12081198	0.05968121	0.00360763	0.01560717	-0.01366231
-0.01826987	0.00077419	0.01371397	0.12034749	0.07559682	0.00265022	0.01329810	-0.01628456
-0.01972321	-0.00015961	0.01162034	0.11716519	0.09425680	0.00181119	0.00962659	-0.01944017
-0.02113228	-0.00119427	0.00888810	0.11176048	0.11666558	0.00095452	0.00579027	-0.02268850
-0.02281906	-0.00230244	0.00617549	0.10365460	0.14286394	-0.00057022	0.00050874	-0.02638444
-0.02471800	-0.00332780	0.00328304	0.09315582	0.17390807	-0.00217198	-0.00553867	-0.03011640
-0.02649167	-0.00436398	0.00048811	0.08066635	0.20850269	-0.00369890	-0.01332316	-0.03388009
-0.02826761	-0.00570199	-0.00248695	0.06661417	0.24673649	-0.00635599	-0.02191362	-0.03826017
-0.02993311	-0.00691444	-0.00518208	0.05151822	0.28746748	-0.00899460	-0.03204104	-0.04251345
-0.03180581	-0.00816733	-0.00773952	0.03624938	0.32816215	-0.01209274	-0.04248682	-0.04677993
-0.03347667	-0.00974801	-0.01014946	0.02123150	0.36581554	-0.01593612	-0.05452698	-0.05107271
-0.03518020	-0.01092050	-0.01237665	0.00687051	0.39621426	-0.01989539	-0.06665258	-0.05532051
-0.03668176	-0.01232277	-0.01455633	-0.00619342	0.41485297	-0.02468899	-0.07881087	-0.05928933
-0.03813041	-0.01352376	-0.01635548	-0.01757068	0.41670573	-0.03008224	-0.09071333	-0.06298379
-0.03940124	-0.01501246	-0.01789159	-0.02763853	0.39942865	-0.03577320	-0.10193121	-0.06632426
-0.04013001	-0.01611595	-0.01930240	-0.03546468	0.36058881	-0.04218425	-0.11145812	-0.06936512
-0.04076665	-0.01731360	-0.01995342	-0.04174840	0.30269572	-0.04873959	-0.11944535	-0.07198488
-0.03950931	-0.01794079	-0.02188247	-0.04303203	0.23302718	-0.05147058	-0.11995771	-0.06860975
-0.03785392	-0.01817408	-0.02347641	-0.04338480	0.18224262	-0.05305706	-0.11789975	-0.06522811
-0.03628588	-0.01813437	-0.02485325	-0.04299558	0.14464006	-0.05382601	-0.11475988	-0.06164480
-0.03481825	-0.01845053	-0.02587539	-0.04211900	0.11618144	-0.05371939	-0.11007226	-0.05776454
-0.03305100	-0.01844632	-0.02627552	-0.04082401	0.09462951	-0.05295967	-0.10466999	-0.05418220
-0.03137688	-0.01831481	-0.02692670	-0.03936293	0.07761823	-0.05218204	-0.09895290	-0.05057207
-0.02980473	-0.01795073	-0.02701245	-0.03744332	0.06437078	-0.05057093	-0.09287165	-0.04717091
-0.02833503	-0.01772903	-0.02688902	-0.03561233	0.05393925	-0.04892192	-0.08703438	-0.04385154
-0.02666404	-0.01758420	-0.02662601	-0.03371101	0.04558805	-0.04723025	-0.08116518	-0.04043978
-0.02532895	-0.01716260	-0.02629016	-0.03173022	0.03863093	-0.04492306	-0.07570687	-0.03754827
-0.02496964	-0.01784163	-0.02630413	-0.03328402	0.03121657	-0.04831998	-0.07773355	-0.03843949
-0.02456764	-0.01852651	-0.02634967	-0.03461379	0.02294533	-0.05147127	-0.07920276	-0.03882064
-0.02390195	-0.01917742	-0.02645952	-0.03541971	0.01451600	-0.05455226	-0.08000156	-0.03917801
-0.02277958	-0.01983589	-0.02606613	-0.03574899	0.00607715	-0.05731900	-0.07994521	-0.03942527
-0.02181603	-0.02036049	-0.02577749	-0.03590569	-0.00215895	-0.05972637	-0.07938256	-0.03933191
-0.02044347	-0.02071848	-0.02510276	-0.03595359	-0.01008441	-0.06189440	-0.07788209	-0.03940666
-0.01896814	-0.02114853	-0.02466113	-0.03528686	-0.01723332	-0.06299019	-0.07647918	-0.03880108
-0.01725933	-0.02133946	-0.02414824	-0.03464657	-0.02372811	-0.06399303	-0.07400151	-0.03835352
-0.01536877	-0.02167717	-0.02341999	-0.03410373	-0.02927842	-0.06441077	-0.07124294	-0.03753818
-0.01334979	-0.02169728	-0.02263050	-0.03312240	-0.03396828	-0.06426387	-0.06807743	-0.03656397
-0.01129918	-0.02174944	-0.02164898	-0.03213918	-0.03821626	-0.06330788	-0.06494316	-0.03550528
-0.00911994	-0.02167271	-0.02098257	-0.03116551	-0.04102772	-0.06204718	-0.06118357	-0.03442863
-0.00686691	-0.02138894	-0.02043641	-0.02982961	-0.04329566	-0.06022420	-0.05794534	-0.03321926
-0.00465215	-0.02117936	-0.01925314	-0.02854374	-0.04469399	-0.05781676	-0.05407847	-0.03193064
-0.00258844	-0.02125384	-0.01862394	-0.02770641	-0.04546049	-0.05501279	-0.05023465	-0.03064173
-0.00011301	-0.02068966	-0.01763418	-0.02621613	-0.04574456	-0.05188099	-0.04696324	-0.02907570
0.00179161	-0.02031758	-0.01694253	-0.02500896	-0.04577040	-0.04846914	-0.04340441	-0.02778601
0.00378372	-0.02002772	-0.01600098	-0.02384680	-0.04485096	-0.04495774	-0.04014725	-0.02640368
0.00579024	-0.01959437	-0.01542421	-0.02279871	-0.04399505	-0.04105883	-0.03680164	-0.02485978
0.00763377	-0.01908043	-0.01460616	-0.02149287	-0.04299737	-0.03760217	-0.03391370	-0.02365744
0.00859146	-0.02040699	-0.01526025	-0.02265178	-0.04515671	-0.04187523	-0.03594463	-0.02412837
0.00974686	-0.02143243	-0.01635068	-0.02393835	-0.04672937	-0.04639528	-0.03784163	-0.02455696
0.01089371	-0.02281240	-0.01731786	-0.02519720	-0.04820364	-0.05106362	-0.03981463	-0.02470391
0.01221378	-0.02404303	-0.01822189	-0.02639176	-0.04928460	-0.05596721	-0.04140581	-0.02504510
0.01401356	-0.02541454	-0.01912855	-0.02755777	-0.04977233	-0.06087722	-0.04295180	-0.02491050
0.01545309	-0.02698801	-0.02009252	-0.02861654	-0.05026481	-0.06583847	-0.04458513	-0.02490292
0.01727179	-0.02818314	-0.02087750	-0.02963920	-0.04987946	-0.07074089	-0.04583881	-0.02470342
0.01915251	-0.02984537	-0.02189850	-0.03034312	-0.04946320	-0.07527348	-0.04691528	-0.02433684
0.02108786	-0.03133628	-0.02290431	-0.03121717	-0.04902031	-0.07930503	-0.04792082	-0.02343766
0.02336465	-0.03307932	-0.02374562	-0.03187140	-0.04789945	-0.08312895	-0.04794312	-0.02274310
0.02533539	-0.03499965	-0.02473172	-0.03227495	-0.04655170	-0.08627250	-0.04826079	-0.02142711
0.02770199	-0.03659362	-0.02538017	-0.03274573	-0.04494298	-0.08863169	-0.04795453	-0.01999605
0.02995976	-0.03843111	-0.02625634	-0.03290046	-0.04301887	-0.08998564	-0.04754613	-0.01815172
0.03228118	-0.03994061	-0.02677906	-0.03307008	-0.04114008	-0.09060047	-0.04649306	-0.01613473
0.03457156	-0.04165153	-0.02767720	-0.03305613	-0.03908650	-0.09024165	-0.04542150	-0.01388200
0.03629243	-0.04323281	-0.02802898	-0.03260020	-0.03695057	-0.08905018	-0.04383107	-0.01131304
0.03829233	-0.04478216	-0.02849552	-0.03213592	-0.03437344	-0.08692135	-0.04171262	-0.00866271
0.03976634	-0.04643669	-0.02859290	-0.03171068	-0.03231108	-0.08383515	-0.03989156	-0.00523043
0.04118927	-0.04761753	-0.02872684	-0.03110793	-0.02993687	-0.08019141	-0.03749872	-0.00204995
0.04200991	-0.04886976	-0.02870354	-0.03048296	-0.02777344	-0.07590966	-0.03494149	0.00134245
0.04240296	-0.04977535	-0.02859882	-0.02944826	-0.02540845	-0.07126302	-0.03232198	0.00493834
0.04221759	-0.05046390	-0.02840167	-0.02839767	-0.02327332	-0.06602354	-0.02966764	0.00849600
0.04171168	-0.05103481	-0.02791861	-0.02742147	-0.02100865	-0.06083393	-0.02678535	0.01194856
0.04068289	-0.05114774	-0.02751520	-0.02610534	-0.01936227	-0.05544630	-0.02433237	0.01551303
0.03919341	-0.05106466	-0.02690322	-0.02511823	-0.01739085	-0.05020336	-0.02160875	0.01887871
0.03705823	-0.05025427	-0.02602175	-0.02368322	-0.01592130	-0.04494036	-0.01895862	0.02197661
0.03459699	-0.04930509	-0.02517021	-0.02241743	-0.01416754	-0.03996035	-0.01652576	0.02504789
0.03191232	-0.04806914	-0.02409512	-0.02113786	-0.01273498	-0.03543478	-0.01421025	0.02766359
0.02897719	-0.04651737	-0.02315985	-0.01986298	-0.01120794	-0.03097330	-0.01191144	0.02978844
0.02577953	-0.04426675	-0.02183912	-0.01855386	-0.00987431	-0.02677961	-0.00982681	0.03179184
0.02258615	-0.04179219	-0.02096150	-0.01722520	-0.00888682	-0.02315683	-0.00804086	0.03347684
0.01907036	-0.03891608	-0.01955214	-0.01623793	-0.00753192	-0.01978227	-0.00622563	0.03460736
0.01595772	-0.03575061	-0.01810606	-0.01470852	-0.00685791	-0.01671702	-0.00485174	0.03553461
0.01294656	-0.03251020	-0.01691802	-0.01373021	-0.00600144	-0.01401288	-0.00326928	0.03623789
0.01009999	-0.02865165	-0.01572388	-0.01247823	-0.00512500	-0.01180181	-0.00210980	0.03624459
0.00725349	-0.02488864	-0.01421776	-0.01132017	-0.00446821	-0.00975091	-0.00088048	0.03606166
0.00520857	-0.02112986	-0.01315078	-0.01023251	-0.00383121	-0.00781547	0.00019660	0.03557803
0.00303995	-0.01720685	-0.01170690	-0.00920156	-0.00328128	-0.00614053	0.00096284	0.03522775
0.00095217	-0.01335374	-0.01053972	-0.00860487	-0.00252612	-0.00463145	0.00180597	0.03413930
-0.00064480	-0.00975778	-0.00928655	-0.00751522	-0.00229567	-0.00324765	0.00252206	0.03299442
-0.00346707	-0.00998565	-0.00987413	-0.00755179	-0.00192074	-0.00322016	0.00253901	0.03504885
-0.00571330	-0.01030613	-0.01037546	-0.00795735	-0.00174678	-0.00297955	0.00282234	0.03729336
-0.00851602	-0.01049637	-0.01106617	-0.00796157	-0.00140179	-0.00270621	0.00310107	0.03923218
-0.01130665	-0.01068081	-0.01164826	-0.00790408	-0.00128274	-0.00228804	0.00350451	0.04135813
-0.01417546	-0.01050217	-0.01222536	-0.00792464	-0.00104704	-0.00185124	0.00366577	0.04339466
-0.01693933	-0.01016734	-0.01275266	-0.00804579	-0.00075173	-0.00123269	0.00424469	0.04553317
-0.01970626	-0.00939703	-0.01348588	-0.00786176	-0.00022403	-0.00064893	0.00455669	0.04751019
-0.02200085	-0.00868595	-0.01399073	-0.00775225	0.00019161	0.00009947	0.00516888	0.04941996
-0.02427017	-0.00729527	-0.01465005	-0.00775386	0.00019476	0.00081106	0.00566142	0.05143596
-0.02622946	-0.00554710	-0.01502412	-0.00764659	0.00067279	0.00161597	0.00632163	0.05296115
-0.02789964	-0.00347861	-0.01540486	-0.00724004	0.00095097	0.00263363	0.00683681	0.05432615
-0.02900498	-0.00065120	-0.01578650	-0.00702449	0.00131754	0.00340188	0.00759881	0.05537433
-0.02997292	0.00219724	-0.01597320	-0.00656131	0.00142851	0.00431414	0.00823418	0.05647195
-0.03041591	0.00575353	-0.01611710	-0.00600651	0.00175687	0.00507304	0.00914521	0.05695781
-0.03060521	0.00997294	-0.01632546	-0.00543960	0.00231244	0.00600939	0.01011391	0.05740351
-0.03045642	0.01427694	-0.01589978	-0.00505483	0.00245159	0.00677008	0.01067836	0.05696528
-0.02990092	0.01865175	-0.01561413	-0.00420149	0.00286938	0.00776424	0.01169539	0.05666404
-0.02879416	0.02398423	-0.01484922	-0.00336817	0.00301242	0.00846849	0.01247377	0.05573224
-0.02768426	0.02867395	-0.01400830	-0.00264289	0.00330775	0.00903978	0.01328547	0.05465460
-0.02639913	0.03345063	-0.01296876	-0.00189000	0.00333709	0.00969367	0.01398029	0.05331378
-0.02478373	0.03820725	-0.01150823	-0.00072296	0.00344144	0.01044517	0.01492036	0.05138968
-0.02330405	0.04233960	-0.01011561	0.00032128	0.00367923	0.01081772	0.01569879	0.04935231
-0.02150766	0.04595702	-0.00793614	0.00131766	0.00366338	0.01115298	0.01626117	0.04682321
-0.01983902	0.04921959	-0.00590620	0.00244572	0.00386650	0.01167164	0.01706836	0.04445277
-0.01828667	0.05164820	-0.00342908	0.00350082	0.00385850	0.01215975	0.01736606	0.04215819
-0.01659980	0.05346979	-0.00062722	0.00466171	0.00391105	0.01228064	0.01804439	0.03937838
-0.01495116	0.05473138	0.00214710	0.00564671	0.00384482	0.01245405	0.01842464	0.03677532
-0.01346131	0.05541709	0.00519735	0.00679815	0.00390646	0.01235047	0.01878095	0.03390835
-0.01194298	0.05510199	0.00810890	0.00781109	0.00373892	0.01271065	0.01907808	0.03146699
-0.01045160	0.05471401	0.01105560	0.00885209	0.00370297	0.01239097	0.01911773	0.02904558
-0.00926128	0.05361337	0.01427787	0.00971703	0.00337716	0.01253709	0.01917594	0.02639639
-0.00817942	0.05223689	0.01698909	0.01070688	0.00341364	0.01230715	0.01940628	0.02429374
-0.00683013	0.05026634	0.01985259	0.01134141	0.00316854	0.01217745	0.01927162	0.02225890
-0.00609583	0.04837455	0.02214293	0.01215076	0.00296108	0.01203411	0.01903546	0.02000041
-0.00495447	0.04645099	0.02427391	0.01252187	0.00306041	0.01183027	0.01879484	0.01828976
-0.00432028	0.04389547	0.02611377	0.01308456	0.00253352	0.01164442	0.01874362	0.01676171
-0.00337663	0.04164866	0.02771450	0.01334369	0.00255170	0.01129561	0.01840582	0.01493294
-0.00289865	0.03911010	0.02888424	0.01361091	0.00209652	0.01127722	0.01802736	0.01336673
-0.00224581	0.03715165	0.02959710	0.01372551	0.00223326	0.01070313	0.01776582	0.01245088
-0.00180688	0.03462503	0.03045678	0.01376910	0.00192456	0.01057128	0.01705322	0.01128797
-0.00209266	0.03519783	0.03050767	0.01419282	0.00200537	0.01065427	0.01789540	0.01255495
-0.00257834	0.03510748	0.03038650	0.01466472	0.00206516	0.01081492	0.01855731	0.01363774
-0.00298501	0.03493221	0.03030881	0.01492075	0.00202033	0.01116612	0.01900601	0.01452564
-0.00333102	0.03470379	0.02959096	0.01537034	0.00212078	0.01120259	0.01967594	0.01558289
-0.00396189	0.03405853	0.02887154	0.01581836	0.00180094	0.01138801	0.02009991	0.01665843
-0.00469405	0.03329132	0.02749154	0.01601043	0.00195630	0.01124323	0.02045675	0.01752970
-0.00506903	0.03240695	0.02617818	0.01643565	0.00194475	0.01143299	0.02123475	0.01829527
-0.00572468	0.03114944	0.02451545	0.01676726	0.00195680	0.01136444	0.02162973	0.01895171
-0.00623112	0.02964269	0.02240050	0.01690450	0.00195905	0.01139902	0.02195566	0.01971593
-0.00707897	0.02841618	0.02014428	0.01722652	0.00192861	0.01138026	0.02202769	0.01989922
-0.00780351	0.02690099	0.01753211	0.01732896	0.00180811	0.01121052	0.02227203	0.02010103
-0.00837718	0.02525129	0.01498832	0.01744125	0.00194706	0.01082360	0.02216455	0.02011450
-0.00901311	0.02347153	0.01239171	0.01764147	0.00199203	0.01062139	0.02222546	0.01983419
-0.00975043	0.02199978	0.00960722	0.01775230	0.00217129	0.01051649	0.02200386	0.01954547
-0.01036052	0.02015923	0.00689136	0.01786171	0.00243434	0.00998180	0.02152473	0.01918523
-0.01093528	0.01847604	0.00443933	0.01808891	0.00230776	0.00977809	0.02091973	0.01810123
-0.01151484	0.01701239	0.00212923	0.01809899	0.00261139	0.00921420	0.02039280	0.01718919
-0.01194945	0.01533147	0.00041515	0.01853570	0.00317769	0.00883142	0.01951180	0.01593428
-0.01255276	0.01409439	-0.00134042	0.01852563	0.00319185	0.00840609	0.01853769	0.01450995
-0.01311380	0.01250250	-0.00273158	0.01914356	0.00350821	0.00773659	0.01758422	0.01345293
-0.01356601	0.01107238	-0.00376687	0.01935729	0.00398064	0.00708347	0.01633838	0.01176017
-0.01382338	0.00987605	-0.00462846	0.01999786	0.00464944	0.00642867	0.01523107	0.01037772
-0.01403802	0.00876725	-0.00510309	0.02076910	0.00501318	0.00576318	0.01386661	0.00868184
-0.01419257	0.00767183	-0.00533148	0.02157542	0.00579029	0.00516440	0.01256079	0.00704203
-0.01466795	0.00685861	-0.00534738	0.02259021	0.00657086	0.00443240	0.01102995	0.00584534
-0.01475714	0.00591858	-0.00525365	0.02373886	0.00753173	0.00389625	0.00973492	0.00406818
-0.01465577	0.00509478	-0.00476800	0.02463172	0.00846126	0.00323722	0.00836305	0.00293502
-0.01460979	0.00430589	-0.00436246	0.02590410	0.00965852	0.00233322	0.00691457	0.00163621
-0.01468137	0.00363961	-0.00392751	0.02705235	0.01088260	0.00187982	0.00558554	0.00035266
-0.01463546	0.00321713	-0.00361788	0.02807084	0.01208536	0.00121536	0.00448417	-0.00073601
-0.01445546	0.00266926	-0.00275664	0.02888189	0.01327192	0.00090414	0.00326383	-0.00169951
-0.01425375	0.00224782	-0.00229264	0.03002003	0.01463721	0.00038407	0.00240881	-0.00282081
-0.01422586	0.00171650	-0.00161189	0.03085150	0.01637743	-0.00039821	0.00132558	-0.00342273
-0.01402940	0.00149053	-0.00117389	0.03107782	0.01769859	-0.00063741	0.00066042	-0.00424893
-0.01362887	0.00121739	-0.00048546	0.03155445	0.01929273	-0.00107277	-0.00008816	-0.00487584
-0.01326782	0.00092006	-0.00011340	0.03168982	0.02062746	-0.00147507	-0.00065654	-0.00535256
-0.01291862	0.00059150	0.00017311	0.03171936	0.02190195	-0.00161813	-0.00088959	-0.00589792
-0.01266289	0.00038003	0.00051496	0.03182768	0.02338524	-0.00221411	-0.00138013	-0.00636874
-0.01214285	0.00015619	0.00112902	0.03110412	0.02451036	-0.00224829	-0.00170994	-0.00647648
-0.01196048	0.00018944	0.00136003	0.03085323	0.02559034	-0.00244502	-0.00170363	-0.00672580
-0.01286566	-0.00048158	-0.00003359	0.03000063	0.02859686	-0.00319322	-0.00364199	-0.00775391
-0.01358847	-0.00118477	-0.00161398	0.02867372	0.03185962	-0.00380798	-0.00551213	-0.00912597
-0.01444078	-0.00182568	-0.00300281	0.02727520	0.03525480	-0.00465313	-0.00812445	-0.01039500
-0.01516867	-0.00247394	-0.00482662	0.02485534	0.03867959	-0.00583309	-0.01063915	-0.01178243
-0.01606097	-0.00326507	-0.00676861	0.02245973	0.04250792	-0.00717650	-0.01366750	-0.01327661
-0.01687290	-0.00399544	-0.00849928	0.01946271	0.04643700	-0.00853314	-0.01680558	-0.01474546
-0.01795314	-0.00481437	-0.01036173	0.01610506	0.04968523	-0.00990489	-0.02056985	-0.01658263
-0.01881857	-0.00593110	-0.01215033	0.01217874	0.05320353	-0.01157354	-0.02439597	-0.01843300
-0.01976111	-0.00663143	-0.01397207	0.00813025	0.05659006	-0.01342943	-0.02860501	-0.02012338
-0.02058532	-0.00753828	-0.01563074	0.00385012	0.05941182	-0.01541178	-0.03306883	-0.02194750
-0.02151844	-0.00843937	-0.01735266	-0.00054030	0.06186642	-0.01767499	-0.03759349	-0.02382701
-0.02232030	-0.00952243	-0.01901985	-0.00497420	0.06333358	-0.02017031	-0.04233655	-0.02565964
-0.02291012	-0.01045394	-0.02032212	-0.00944343	0.06418511	-0.02272901	-0.04723151	-0.02758236
-0.02362625	-0.01172814	-0.02166479	-0.01349362	0.06395639	-0.02539575	-0.05212449	-0.02923032
-0.02430551	-0.01250961	-0.02278200	-0.01731434	0.06271820	-0.02843480	-0.05678664	-0.03068333
-0.02489965	-0.01347698	-0.02364940	-0.02101961	0.06006665	-0.03132604	-0.06147554	-0.03242943
-0.02526703	-0.01449931	-0.02455454	-0.02446054	0.05634595	-0.03489159	-0.06563440	-0.03404047
-0.02536608	-0.01533846	-0.02546077	-0.02738159	0.05192669	-0.03811702	-0.06942948	-0.03541021
-0.02538196	-0.01618708	-0.02588296	-0.02979846	0.04569108	-0.04155944	-0.07277621	-0.03640692
-0.02532147	-0.01688100	-0.02625705	-0.03190141	0.03858821	-0.04487916	-0.07561967	-0.03745372
-0.02385088	-0.01676260	-0.02565876	-0.02991384	0.03317480	-0.04288530	-0.07033458	-0.03480825
-0.02255563	-0.01614894	-0.02500573	-0.02812749	0.02871132	-0.04095926	-0.06534192	-0.03179285
-0.02123412	-0.01579412	-0.02431086	-0.02611869	0.02485628	-0.03880294	-0.06045100	-0.02931963
-0.01984087	-0.01531777	-0.02372408	-0.02446872	0.02180437	-0.03676330	-0.05630560	-0.02697578
-0.01880120	-0.01460455	-0.02284814	-0.02293017	0.01902842	-0.03476564	-0.05232854	-0.02488246
-0.01762111	-0.01417764	-0.02217030	-0.02137763	0.01680819	-0.03283505	-0.04836774	-0.02260647
-0.01662156	-0.01379215	-0.02118176	-0.02019869	0.01484092	-0.03124314	-0.04505059	-0.02099210
-0.01560732	-0.01324486	-0.02050426	-0.01886141	0.01324635	-0.02935973	-0.04183945	-0.01927032
-0.01463195	-0.01278724	-0.01978954	-0.01746544	0.01186865	-0.02769320	-0.03874813	-0.01767701
-0.01387434	-0.01207538	-0.01895291	-0.01630077	0.01054229	-0.02614182	-0.03616386	-0.01613970
-0.01344223	-0.01250892	-0.01883522	-0.01722036	0.00886892	-0.02738599	-0.03698102	-0.01655626
-0.01308903	-0.01306659	-0.01903671	-0.01771226	0.00693400	-0.02839933	-0.03742727	-0.01672052
-0.01243725	-0.01368865	-0.01896259	-0.01828289	0.00483234	-0.02950599	-0.03787821	-0.01692984
-0.01219176	-0.01399938	-0.01896609	-0.01855413	0.00298544	-0.03031601	-0.03812123	-0.01697415
-0.01140912	-0.01421082	-0.01865590	-0.01904524	0.00122809	-0.03100297	-0.03815017	-0.01710832
-0.01070765	-0.01426664	-0.01862152	-0.01897170	-0.00076390	-0.03177714	-0.03800079	-0.01725643
-0.00991919	-0.01455193	-0.01846305	-0.01916381	-0.00266571	-0.03228847	-0.03764427	-0.01710253
-0.00906963	-0.01489988	-0.01812413	-0.01934506	-0.00440669	-0.03261240	-0.03715904	-0.01697193
-0.00839774	-0.01512429	-0.01788966	-0.01900213	-0.00610963	-0.03280018	-0.03681647	-0.01672756
-0.00743248	-0.01509244	-0.01756502	-0.01895350	-0.00779895	-0.03284123	-0.03584383	-0.01670013
-0.00651711	-0.01543749	-0.01701809	-0.01875383	-0.00904950	-0.03277913	-0.03493069	-0.01628020
-0.00549310	-0.01534703	-0.01665355	-0.01840582	-0.01042537	-0.03227367	-0.03408297	-0.01572048
-0.00425655	-0.01527018	-0.01615204	-0.01803093	-0.01153349	-0.03196431	-0.03302324	-0.01550090
-0.00334409	-0.01525613	-0.01585082	-0.01760713	-0.01277676	-0.03154145	-0.03171649	-0.01509695
-0.00227739	-0.01486725	-0.01535934	-0.01735103	-0.01348280	-0.03067969	-0.03062016	-0.01467526
-0.00144411	-0.01495622	-0.01464826	-0.01697049	-0.01434353	-0.02977510	-0.02929681	-0.01422771
-0.00014158	-0.01474339	-0.01437642	-0.01651774	-0.01504324	-0.02867151	-0.02809378	-0.01380382
0.00063674	-0.01457840	-0.01378306	-0.01585514	-0.01555993	-0.02762361	-0.02661568	-0.01319777
0.00172522	-0.01437238	-0.01330738	-0.01542462	-0.01579038	-0.02652008	-0.02536616	-0.01289866
0.00248332	-0.01420089	-0.01289335	-0.01495120	-0.01626299	-0.02525597	-0.02403144	-0.01229771
0.00309631	-0.01477458	-0.01329492	-0.01579409	-0.01661868	-0.02681693	-0.02510584	-0.01230516
0.00319360	-0.01548845	-0.01388169	-0.01621826	-0.01730604	-0.02817868	-0.02574285	-0.01201329
0.00341745	-0.01599068	-0.01464364	-0.01661603	-0.01789477	-0.02963123	-0.02666839	-0.01198409
0.00369374	-0.01655568	-0.01500723	-0.01747255	-0.01833792	-0.03118657	-0.02724330	-0.01200100
0.00398763	-0.01744230	-0.01551994	-0.01810996	-0.01865074	-0.03251793	-0.02766830	-0.01171224
0.00442798	-0.01786310	-0.01616977	-0.01854120	-0.01894239	-0.03370198	-0.02831285	-0.01113482
0.00454422	-0.01863052	-0.01676862	-0.01888846	-0.01888982	-0.03472484	-0.02853511	-0.01059279
0.00500248	-0.01919006	-0.01743978	-0.01923001	-0.01907160	-0.03571863	-0.02882710	-0.01004768
0.00538973	-0.01997621	-0.01761751	-0.01985713	-0.01910033	-0.03677678	-0.02907286	-0.00958503
0.00552588	-0.02064770	-0.01826520	-0.02010691	-0.01903490	-0.03720052	-0.02914204	-0.00876120
0.00615162	-0.02124619	-0.01861525	-0.02016340	-0.01869216	-0.03794763	-0.02904623	-0.00793709
0.00627947	-0.02180326	-0.01909079	-0.02045051	-0.01847782	-0.03831988	-0.02886383	-0.00730089
0.00648026	-0.02245369	-0.01942728	-0.02034083	-0.01806286	-0.03859703	-0.02850601	-0.00613765
0.00658813	-0.02290556	-0.01967006	-0.02051454	-0.01776810	-0.03836180	-0.02820221	-0.00517488
0.00668159	-0.02345794	-0.02001945	-0.02049806	-0.01698203	-0.03823291	-0.02761071	-0.00395288
0.00717559	-0.02396511	-0.02015652	-0.02031518	-0.01659493	-0.03781953	-0.02676082	-0.00276843
0.00720494	-0.02425718	-0.02053388	-0.02024858	-0.01614011	-0.03728308	-0.02616211	-0.00140522
0.00725204	-0.02458625	-0.02049559	-0.02020983	-0.01557414	-0.03639928	-0.02510218	-0.00024294
0.00726035	-0.02446808	-0.02056051	-0.01972979	-0.01480739	-0.03530482	-0.02425309	0.00097769
0.00726196	-0.02498911	-0.02056565	-0.01943388	-0.01407555	-0.03438888	-0.02313632	0.00231954
0.00730946	-0.02495013	-0.02049084	-0.01916879	-0.01344796	-0.03288713	-0.02203052	0.00387317
0.00710116	-0.02475982	-0.02015915	-0.01844287	-0.01277456	-0.03154107	-0.02093067	0.00511977
0.00692117	-0.02458504	-0.02009336	-0.01814327	-0.01199435	-0.03024166	-0.01974107	0.00647590
0.00645282	-0.02434080	-0.01940452	-0.01751330	-0.01134850	-0.02873561	-0.01843273	0.00780487
0.00621904	-0.02400401	-0.01917189	-0.01699597	-0.01060158	-0.02702571	-0.01731612	0.00922186
0.00584046	-0.02349364	-0.01896647	-0.01625481	-0.00983119	-0.02545402	-0.01611690	0.01034470
0.00540401	-0.02265642	-0.01845634	-0.01578130	-0.00927937	-0.02363439	-0.01469964	0.01164846
0.00512733	-0.02219014	-0.01799627	-0.01501585	-0.00865558	-0.02221952	-0.01343263	0.01285166
0.00449532	-0.02097670	-0.01727761	-0.01452031	-0.00803931	-0.02044333	-0.01240537	0.01381073
0.00384131	-0.02022811	-0.01650713	-0.01376494	-0.00732968	-0.01894031	-0.01125135	0.01462873
0.00325316	-0.01916618	-0.01626703	-0.01305033	-0.00682596	-0.01745622	-0.01003210	0.01530921
0.00280000	-0.01796238	-0.01539822	-0.01248363	-0.00640589	-0.01593614	-0.00899989	0.01605837
0.00229778	-0.01661024	-0.01445956	-0.01160829	-0.00593130	-0.01454831	-0.00798183	0.01663407
0.00174050	-0.01531194	-0.01384621	-0.01114706	-0.00528990	-0.01324002	-0.00719136	0.01716603
0.00111806	-0.01375399	-0.01313817	-0.01039887	-0.00482664	-0.01174564	-0.00636890	0.01743140
0.00060942	-0.01219407	-0.01242450	-0.00969917	-0.00441860	-0.01066787	-0.00541442	0.01774527
0.00014200	-0.01093852	-0.01175822	-0.00902751	-0.00401292	-0.00946329	-0.00453876	0.01763492
-0.00024884	-0.00943908	-0.01077744	-0.00851510	-0.00355317	-0.00843409	-0.00378859	0.01781169
-0.00062714	-0.00799443	-0.01007898	-0.00779526	-0.00329749	-0.00776660	-0.00310869	0.01772558
-0.00088722	-0.00649688	-0.00925475	-0.00713626	-0.00310189	-0.00665936	-0.00259349	0.01768625
-0.00217801	-0.00658643	-0.00955358	-0.00753022	-0.00286094	-0.00702856	-0.00239782	0.01810604
-0.00304870	-0.00660568	-0.01012834	-0.00753797	-0.00275465	-0.00680270	-0.00248156	0.01892538
-0.00402078	-0.00633593	-0.01043751	-0.00752571	-0.00243709	-0.00673334	-0.00245754	0.01942771
-0.00515231	-0.00626848	-0.01062639	-0.00755416	-0.00258203	-0.00664716	-0.00250576	0.02020081
-0.00640582	-0.00616046	-0.01119446	-0.00788408	-0.00222165	-0.00646104	-0.00246969	0.02072329
-0.00738863	-0.00579412	-0.01156226	-0.00790703	-0.00220817	-0.00624690	-0.00256252	0.02161119
-0.00846294	-0.00530061	-0.01205207	-0.00791173	-0.00188946	-0.00593213	-0.00233899	0.02190568
-0.00938632	-0.00496493	-0.01195907	-0.00776791	-0.00176331	-0.00588976	-0.00202120	0.02246550
-0.01037969	-0.00436695	-0.01256644	-0.00781215	-0.00163733	-0.00551988	-0.00178241	0.02281051
-0.01126812	-0.00338660	-0.01275803	-0.00772441	-0.00134456	-0.00518690	-0.00163653	0.02324215
-0.01200205	-0.00298160	-0.01290025	-0.00759109	-0.00099766	-0.00490267	-0.00144688	0.02400095
-0.01266757	-0.00203188	-0.01308404	-0.00742177	-0.00100021	-0.00435575	-0.00127037	0.02405692
-0.01322885	-0.00116562	-0.01333783	-0.00730166	-0.00082429	-0.00396083	-0.00103994	0.02428815
-0.01389722	-0.00009422	-0.01312228	-0.00717085	-0.00051502	-0.00369567	-0.00077478	0.02426981
-0.01414037	0.00107641	-0.01339980	-0.00685740	-0.00036522	-0.00349095	-0.00022208	0.02442634
-0.01435825	0.00188605	-0.01332192	-0.00673765	0.00000395	-0.00291930	0.00001113	0.02434468
-0.01468908	0.00342699	-0.01319963	-0.00629375	0.00001572	-0.00227789	0.00063869	0.02426739
-0.01473500	0.00437078	-0.01307671	-0.00593911	0.00027755	-0.00180711	0.00083609	0.02405479
-0.01471324	0.00569104	-0.01260716	-0.00562558	0.00039336	-0.00126061	0.00117151	0.02403362
-0.01459100	0.00711608	-0.01197329	-0.00504832	0.00053964	-0.00097732	0.00173409	0.02367536
-0.01441124	0.00817117	-0.01169428	-0.00464180	0.00090906	-0.00031704	0.00212974	0.02296128
-0.01401814	0.00946997	-0.01101176	-0.00400802	0.00088662	0.00009823	0.00255576	0.02252594
-0.01364703	0.01038785	-0.01007859	-0.00369803	0.00093764	0.00048809	0.00314513	0.02183441
-0.01324684	0.01157407	-0.00940598	-0.00321665	0.00116140	0.00084058	0.00345244	0.02119378
-0.01278433	0.01273075	-0.00867669	-0.00259422	0.00107056	0.00118133	0.00388744	0.02063605
-0.01224102	0.01361868	-0.00770021	-0.00209842	0.00143383	0.00145705	0.00427618	0.01991149
-0.01174664	0.01449496	-0.00643135	-0.00140007	0.00134430	0.00198674	0.00462122	0.01909093
-0.01115792	0.01514418	-0.00549568	-0.00082402	0.00151653	0.00232332	0.00500562	0.01838897
-0.01080094	0.01550544	-0.00432760	-0.00023580	0.00143664	0.00247344	0.00544218	0.01764791
-0.01032890	0.01594274	-0.00303209	0.00036504	0.00161907	0.00274713	0.00573393	0.01666622
-0.00958256	0.01650793	-0.00228581	0.00096811	0.00159813	0.00297932	0.00592310	0.01604980
-0.00907582	0.01672394	-0.00081605	0.00140358	0.00177608	0.00329107	0.00644104	0.01529976
-0.00846645	0.01683519	0.00028321	0.00212381	0.00168488	0.00340478	0.00660940	0.01422151
-0.00794865	0.01691663	0.00130325	0.00258792	0.00165948	0.00348571	0.00680120	0.01345604
-0.00738547	0.01683620	0.00251065	0.00265964	0.00152866	0.00372472	0.00710942	0.01259769
-0.00680044	0.01679715	0.00332179	0.00339515	0.00150158	0.00374371	0.00727874	0.01214611
-0.00631625	0.01654805	0.00457427	0.00381974	0.00163495	0.00391242	0.00745005	0.01141174
-0.00606544	0.01642071	0.00536082	0.00403999	0.00147964	0.00395207	0.00731603	0.01069403
-0.00533747	0.01614600	0.00628347	0.00438508	0.00134621	0.00394389	0.00751815	0.01022732
-0.00502014	0.01567259	0.00712654	0.00462073	0.00123518	0.00408476	0.00748400	0.00941552
-0.00535702	0.01542987	0.00646778	0.00468266	0.00120349	0.00406599	0.00750366	0.01000489
-0.00557835	0.01528971	0.00586589	0.00455839	0.00131113	0.00392251	0.00726344	0.01032568
-0.00608296	0.01471036	0.00517703	0.00441960	0.00144195	0.00388578	0.00745118	0.01022348
-0.00638778	0.01433150	0.00439823	0.00447081	0.00169445	0.00375969	0.00741095	0.01055441
-0.00672338	0.01403188	0.00380948	0.00417948	0.00152250	0.00365252	0.00716306	0.01079568
-0.00693008	0.01336289	0.00283013	0.00402369	0.00177717	0.00359586	0.00698018	0.01094920
-0.00734748	0.01261399	0.00213127	0.00388859	0.00167738	0.00325095	0.00669984	0.01111178
-0.00798869	0.01225197	0.00120312	0.00378453	0.00170540	0.00303629	0.00668901	0.01106455
-0.00821749	0.01127387	0.00011087	0.00372505	0.00182282	0.00317267	0.00649144	0.01101210
-0.00849262	0.01078463	-0.00084218	0.00341780	0.00191070	0.00271328	0.00586816	0.01079762
-0.00886787	0.01019679	-0.00201266	0.00327741	0.00211496	0.00240339	0.00583158	0.01073899
-0.00921510	0.00911426	-0.00270577	0.00315085	0.00226359	0.00208589	0.00522554	0.01036474
-0.00954292	0.00866117	-0.00375409	0.00293257	0.00229649	0.00156202	0.00493290	0.01017665
-0.00978574	0.00792544	-0.00458946	0.00287502	0.00256617	0.00154522	0.00440081	0.00972947
-0.01014758	0.00710220	-0.00556587	0.00261647	0.00271931	0.00113527	0.00375048	0.00912216
-0.01053346	0.00629984	-0.00623202	0.00268230	0.00275418	0.00073336	0.00310408	0.00866146
-0.01075903	0.00569270	-0.00686285	0.00227282	0.00339148	0.00042274	0.00254327	0.00807598
-0.01098518	0.00499372	-0.00743461	0.00227430	0.00334157	0.00000325	0.00191859	0.00750011
-0.01090106	0.00444763	-0.00805228	0.00229984	0.00381043	-0.00021073	0.00141571	0.00699053
-0.01138039	0.00391661	-0.00816213	0.00235043	0.00418716	-0.00074066	0.00064616	0.00620345
-0.01136914	0.00322913	-0.00880581	0.00233485	0.00451423	-0.00104836	-0.00017731	0.00543827
-0.01168494	0.00276176	-0.00901495	0.00243598	0.00486411	-0.00143800	-0.00072797	0.00479232
-0.01149508	0.00219003	-0.00899330	0.00251294	0.00528851	-0.00194798	-0.00124046	0.00402829
-0.01153723	0.00191675	-0.00930519	0.00290094	0.00572483	-0.00211563	-0.00209606	0.00322526
-0.01137749	0.00156779	-0.00916720	0.00299293	0.00611473	-0.00254368	-0.00265866	0.00252142
-0.01161427	0.00118795	-0.00922874	0.00313221	0.00643513	-0.00266324	-0.00337067	0.00199455
-0.01161186	0.00084137	-0.00887198	0.00351511	0.00732729	-0.00305409	-0.00383618	0.00107436
-0.01136109	0.00049926	-0.00886796	0.00384286	0.00769275	-0.00325544	-0.00441438	0.00062913
-0.01136687	0.00010250	-0.00842550	0.00441436	0.00817957	-0.00363992	-0.00476546	-0.00027006
-0.01141987	-0.00001250	-0.00816835	0.00458548	0.00888383	-0.00403899	-0.00531982	-0.00063630
-0.01134033	-0.00054570	-0.00778092	0.00511484	0.00959032	-0.00419488	-0.00583272	-0.00141072
-0.01118426	-0.00058995	-0.00767663	0.00536745	0.01006137	-0.00443749	-0.00608110	-0.00192539
-0.01083525	-0.00082951	-0.00699819	0.00571529	0.01086706	-0.00454756	-0.00629538	-0.00209938
-0.01070094	-0.00092801	-0.00651740	0.00629477	0.01118941	-0.00464697	-0.00666720	-0.00267692
-0.01039132	-0.00095338	-0.00624097	0.00650982	0.01193347	-0.00481658	-0.00671467	-0.00294883
-0.01016264	-0.00113583	-0.00587602	0.00679397	0.01249859	-0.00478072	-0.00677160	-0.00355476
-0.00990687	-0.00123465	-0.00527424	0.00719615	0.01314442	-0.00513218	-0.00684089	-0.00383858
-0.00969533	-0.00117542	-0.00496016	0.00737146	0.01345532	-0.00501595	-0.00707919	-0.00428708
-0.00963643	-0.00142160	-0.00457372	0.00780757	0.01371418	-0.00510003	-0.00684132	-0.00426732
-0.00951727	-0.00140372	-0.00406493	0.00809047	0.01455750	-0.00514803	-0.00683436	-0.00456542
-0.00966717	-0.00193804	-0.00511674	0.00720619	0.01522699	-0.00557251	-0.00781038	-0.00511219
-0.01016698	-0.00230611	-0.00600490	0.00621268	0.01590319	-0.00636061	-0.00937382	-0.00563283
-0.01057517	-0.00271178	-0.00699698	0.00530898	0.01662582	-0.00699889	-0.01050337	-0.00622977
-0.01104014	-0.00323107	-0.00790779	0.00440157	0.01735512	-0.00775246	-0.01182452	-0.00682009
-0.01152113	-0.00381450	-0.00860729	0.00293858	0.01804383	-0.00864383	-0.01335279	-0.00759659
-0.01175124	-0.00445147	-0.00972762	0.00181575	0.01876195	-0.00937348	-0.01496243	-0.00799529
-0.01237661	-0.00479765	-0.01083663	0.00048557	0.01903679	-0.01054148	-0.01660820	-0.00881425
-0.01250200	-0.00530361	-0.01170366	-0.00097299	0.01949145	-0.01155698	-0.01821514	-0.00936506
-0.01309430	-0.00589290	-0.01255738	-0.00255113	0.01950148	-0.01253887	-0.01974896	-0.00994149
-0.01323074	-0.00651589	-0.01354267	-0.00409296	0.01945735	-0.01366859	-0.02168938	-0.01091846
-0.01349878	-0.00716056	-0.01411221	-0.00535208	0.01937156	-0.01480374	-0.02325381	-0.01149150
-0.01376013	-0.00775097	-0.01496742	-0.00699509	0.01921068	-0.01621592	-0.02502025	-0.01203161
-0.01406256	-0.00833835	-0.01564431	-0.00831029	0.01877391	-0.01735585	-0.02679032	-0.01273653
-0.01413414	-0.00892705	-0.01638668	-0.00990531	0.01821493	-0.01850820	-0.02829253	-0.01331714
-0.01434941	-0.00954319	-0.01692336	-0.01115734	0.01744287	-0.01989218	-0.02995466	-0.01384315
-0.01427464	-0.01021366	-0.01736328	-0.01235534	0.01644559	-0.02106408	-0.03136582	-0.01449588
-0.01419777	-0.01065096	-0.01798160	-0.01343228	0.01523870	-0.02241115	-0.03268743	-0.01500579
-0.01414515	-0.01129833	-0.01830993	-0.01463979	0.01379292	-0.02383421	-0.03407710	-0.01547138
-0.01410412	-0.01173714	-0.01858864	-0.01558121	0.01215833	-0.02509279	-0.03526163	-0.01577466
-0.01388089	-0.01221097	-0.01885573	-0.01636094	0.01067321	-0.02619937	-0.03616067	-0.01629071
-0.01299587	-0.01169896	-0.01804565	-0.01512173	0.00958996	-0.02483974	-0.03359458	-0.01486966
-0.01212134	-0.01129299	-0.01722811	-0.01429991	0.00869720	-0.02359780	-0.03153621	-0.01366549
-0.01138858	-0.01092717	-0.01657540	-0.01340716	0.00789551	-0.02195562	-0.02907118	-0.01257279
-0.01072167	-0.01039802	-0.01568619	-0.01261525	0.00711837	-0.02094786	-0.02740244	-0.01147698
-0.01009356	-0.00989656	-0.01510594	-0.01148567	0.00648653	-0.01989756	-0.02545231	-0.01072922
-0.00973584	-0.00937470	-0.01436855	-0.01097541	0.00593772	-0.01864443	-0.02375417	-0.00988057
-0.00907981	-0.00890459	-0.01345094	-0.01041807	0.00526972	-0.01776702	-0.02243485	-0.00907314
-0.00854177	-0.00851710	-0.01300318	-0.00972898	0.00489702	-0.01664682	-0.02084048	-0.00824354
-0.00807356	-0.00816277	-0.01232957	-0.00906080	0.00456387	-0.01577239	-0.01954285	-0.00768195
-0.00771935	-0.00781932	-0.01203655	-0.00853661	0.00402830	-0.01491711	-0.01830086	-0.00701829
-0.00747372	-0.00828916	-0.01187882	-0.00882823	0.00357291	-0.01560586	-0.01904216	-0.00700834
-0.00714375	-0.00831599	-0.01204139	-0.00932247	0.00276299	-0.01588555	-0.01900588	-0.00702282
-0.00683898	-0.00855987	-0.01217420	-0.00937808	0.00208166	-0.01611965	-0.01945089	-0.00736338
-0.00643817	-0.00890098	-0.01215345	-0.00977577	0.00165663	-0.01628617	-0.01942825	-0.00747929
-0.00629614	-0.00887869	-0.01220822	-0.01011443	0.00087488	-0.01662595	-0.01967333	-0.00733640
-0.00595714	-0.00925543	-0.01223153	-0.01014623	0.00021682	-0.01689989	-0.01968354	-0.00746890
-0.00559366	-0.00925032	-0.01223963	-0.01028913	-0.00023560	-0.01706551	-0.01944463	-0.00751035
-0.00522466	-0.00949447	-0.01212105	-0.01034517	-0.00090630	-0.01728796	-0.01926584	-0.00729955
-0.00471886	-0.00957881	-0.01190351	-0.01054521	-0.00148748	-0.01731097	-0.01927834	-0.00732230
-0.00407285	-0.00964497	-0.01175451	-0.01031778	-0.00215314	-0.01740327	-0.01907806	-0.00758331
-0.00397551	-0.00942932	-0.01152466	-0.01049506	-0.00277254	-0.01745656	-0.01876385	-0.00736935
-0.00332355	-0.00979045	-0.01135715	-0.01028070	-0.00339920	-0.01747729	-0.01880221	-0.00715192
-0.00288816	-0.00998417	-0.01135139	-0.01050095	-0.00383308	-0.01718596	-0.01827815	-0.00710776
-0.00232898	-0.00990312	-0.01085188	-0.01040706	-0.00427074	-0.01692635	-0.01774070	-0.00680912
-0.00185168	-0.00974601	-0.01056221	-0.01029874	-0.00481911	-0.01689790	-0.01756047	-0.00689159
-0.00141500	-0.00980537	-0.01060598	-0.01006189	-0.00524934	-0.01645367	-0.01707615	-0.00662135
-0.00093133	-0.00977247	-0.01025087	-0.01008472	-0.00566204	-0.01618769	-0.01661989	-0.00642779
-0.00023678	-0.00981524	-0.01026692	-0.00998650	-0.00582934	-0.01581021	-0.01601886	-0.00655025
0.00007852	-0.00945524	-0.00983199	-0.00983678	-0.00622970	-0.01544340	-0.01561072	-0.00642324
0.00050667	-0.00955685	-0.00960456	-0.00951615	-0.00647295	-0.01495828	-0.01506602	-0.00616271
0.00067769	-0.00973460	-0.00982598	-0.00978145	-0.00698851	-0.01538717	-0.01557783	-0.00574704
0.00053888	-0.01006860	-0.01013170	-0.01020883	-0.00703016	-0.01599202	-0.01581475	-0.00577201
0.00073800	-0.01049018	-0.01043515	-0.01035740	-0.00720797	-0.01640230	-0.01592625	-0.00565753
0.00082125	-0.01049325	-0.01061660	-0.01071406	-0.00743041	-0.01685136	-0.01629477	-0.00533068
0.00082267	-0.01065985	-0.01105177	-0.01110479	-0.00758751	-0.01725597	-0.01637394	-0.00500923
0.00099195	-0.01094711	-0.01134681	-0.01117666	-0.00781112	-0.01777124	-0.01661075	-0.00482659
0.00079000	-0.01128148	-0.01166334	-0.01137391	-0.00797629	-0.01806141	-0.01668603	-0.00455980
0.00098669	-0.01156462	-0.01183095	-0.01145738	-0.00787497	-0.01856512	-0.01662325	-0.00412914
0.00102349	-0.01174626	-0.01201442	-0.01167030	-0.00801883	-0.01850810	-0.01659796	-0.00389006
0.00103277	-0.01211140	-0.01232398	-0.01164715	-0.00817792	-0.01864829	-0.01646632	-0.00335613
0.00127054	-0.01207359	-0.01226565	-0.01193784	-0.00806284	-0.01895989	-0.01656611	-0.00278292
0.00111571	-0.01230379	-0.01264308	-0.01200169	-0.00790853	-0.01894112	-0.01646137	-0.00256905
0.00120236	-0.01254851	-0.01264999	-0.01208289	-0.00811054	-0.01895796	-0.01642382	-0.00194775
0.00114045	-0.01232762	-0.01300972	-0.01204797	-0.00798355	-0.01885429	-0.01600155	-0.00127709
0.00120981	-0.01268047	-0.01311253	-0.01200511	-0.00784153	-0.01865902	-0.01575012	-0.00095345
0.00124324	-0.01261105	-0.01312662	-0.01211528	-0.00774101	-0.01852581	-0.01558250	-0.00039634
0.00133892	-0.01263457	-0.01318539	-0.01193679	-0.00740086	-0.01825204	-0.01548017	0.00014972
0.00129453	-0.01270305	-0.01330496	-0.01180200	-0.00728447	-0.01788220	-0.01455461	0.00110589
0.00114030	-0.01268463	-0.01322540	-0.01190726	-0.00727763	-0.01792303	-0.01427482	0.00145176
0.00114887	-0.01253357	-0.01289671	-0.01171159	-0.00710923	-0.01724187	-0.01391816	0.00193854
0.00100040	-0.01240174	-0.01282194	-0.01146250	-0.00661010	-0.01679725	-0.01343099	0.00264043
0.00095172	-0.01234607	-0.01292240	-0.01121783	-0.00655098	-0.01667238	-0.01294502	0.00313668
0.00090519	-0.01216419	-0.01295640	-0.01113754	-0.00614623	-0.01583151	-0.01242396	0.00376181
0.00093437	-0.01203518	-0.01264908	-0.01076303	-0.00609547	-0.01547353	-0.01181001	0.00435327
0.00061231	-0.01130159	-0.01253496	-0.01074297	-0.00595805	-0.01479535	-0.01136521	0.00505106
0.00062004	-0.01125940	-0.01233347	-0.01030181	-0.00558485	-0.01413412	-0.01093509	0.00543896
0.00063696	-0.01097778	-0.01182758	-0.00992240	-0.00540771	-0.01363775	-0.00999863	0.00604724
0.00044875	-0.01046584	-0.01182216	-0.00958279	-0.00506000	-0.01293222	-0.00949879	0.00640273
0.00037836	-0.00995042	-0.01130200	-0.00922245	-0.00484082	-0.01239031	-0.00892110	0.00684966
0.00027703	-0.00962584	-0.01093806	-0.00895929	-0.00466061	-0.01175062	-0.00830963	0.00743421
0.00013028	-0.00919117	-0.01065402	-0.00871697	-0.00436684	-0.01090729	-0.00795613	0.00769049
-0.00004933	-0.00841383	-0.01041090	-0.00833643	-0.00404904	-0.01054627	-0.00738734	0.00799459
-0.00021902	-0.00806164	-0.00989686	-0.00802359	-0.00395275	-0.00975132	-0.00685004	0.00851274
-0.00031461	-0.00734243	-0.00969453	-0.00776428	-0.00383374	-0.00931861	-0.00634317	0.00849959
-0.00056090	-0.00663076	-0.00920824	-0.00736856	-0.00338127	-0.00855321	-0.00578961	0.00871578
-0.00065598	-0.00610578	-0.00880144	-0.00695786	-0.00319019	-0.00794584	-0.00516177	0.00905741
-0.00084351	-0.00558362	-0.00844375	-0.00673599	-0.00322352	-0.00747270	-0.00479570	0.00910821
-0.00091589	-0.00480515	-0.00802419	-0.00644182	-0.00270829	-0.00696781	-0.00455626	0.00925521
-0.00103691	-0.00428094	-0.00748314	-0.00600392	-0.00271329	-0.00655358	-0.00398979	0.00945588
-0.00120952	-0.00347066	-0.00704825	-0.00576762	-0.00268757	-0.00597579	-0.00376102	0.00937867
-0.00160847	-0.00380900	-0.00750065	-0.00560885	-0.00246252	-0.00603321	-0.00353918	0.00953703
-0.00191350	-0.00360556	-0.00748155	-0.00577669	-0.00234257	-0.00600607	-0.00352697	0.01005175
-0.00266900	-0.00347029	-0.00764632	-0.00592395	-0.00224380	-0.00627432	-0.00348982	0.01017033
-0.00293095	-0.00329874	-0.00785866	-0.00598821	-0.00208512	-0.00613098	-0.00349891	0.01028392
-0.00356832	-0.00320936	-0.00828200	-0.00586387	-0.00198075	-0.00592633	-0.00339250	0.01054888
-0.00390409	-0.00301367	-0.00820989	-0.00577929	-0.00197603	-0.00608132	-0.00373401	0.01065010
-0.00436299	-0.00272212	-0.00842657	-0.00598501	-0.00190599	-0.00594101	-0.00344467	0.01091255
-0.00498966	-0.00248181	-0.00847039	-0.00600016	-0.00169112	-0.00573522	-0.00358560	0.01090539
-0.00530235	-0.00226371	-0.00840138	-0.00606794	-0.00163008	-0.00559421	-0.00344025	0.01097338
-0.00541673	-0.00191646	-0.00853110	-0.00578155	-0.00132950	-0.00559800	-0.00317433	0.01118353
-0.00596363	-0.00168915	-0.00877188	-0.00577881	-0.00124243	-0.00526728	-0.00327400	0.01137303
-0.00628738	-0.00128122	-0.00854936	-0.00548489	-0.00129789	-0.00527208	-0.00320436	0.01166874
-0.00673586	-0.00091561	-0.00851489	-0.00565329	-0.00099951	-0.00508831	-0.00299756	0.01147115
-0.00687482	-0.00052244	-0.00869182	-0.00504879	-0.00101539	-0.00466753	-0.00266692	0.01137279
-0.00717340	-0.00036305	-0.00862454	-0.00530169	-0.00073301	-0.00458992	-0.00258392	0.01166062
-0.00722773	0.00038338	-0.00842819	-0.00517558	-0.00063416	-0.00411948	-0.00260318	0.01156778
-0.00744250	0.00064859	-0.00827050	-0.00497494	-0.00060126	-0.00396743	-0.00225800	0.01152888
-0.00756194	0.00099603	-0.00836377	-0.00479663	-0.00042853	-0.00394716	-0.00203688	0.01126521
-0.00761433	0.00152887	-0.00796487	-0.00450710	-0.00024290	-0.00343019	-0.00189456	0.01135279
-0.00753165	0.00210220	-0.00772412	-0.00459361	-0.00034916	-0.00328256	-0.00165686	0.01109395
-0.00787329	0.00258377	-0.00751836	-0.00406868	-0.00018791	-0.00295567	-0.00133502	0.01104617
-0.00790856	0.00307539	-0.00713780	-0.00381964	0.00004066	-0.00282225	-0.00125834	0.01080948
-0.00762312	0.00331701	-0.00698205	-0.00358174	0.00012594	-0.00244670	-0.00118420	0.01078734
-0.00776088	0.00384300	-0.00645005	-0.00338554	0.00019666	-0.00235703	-0.00072024	0.01077196
-0.00761504	0.00432342	-0.00615396	-0.00310649	0.00025840	-0.00227749	-0.00053252	0.01045358
-0.00740170	0.00451168	-0.00602955	-0.00271220	0.00043758	-0.00196894	-0.00014272	0.00991275
-0.00719412	0.00505590	-0.00535121	-0.00235815	0.00066277	-0.00148045	0.00000980	0.00996572
-0.00723069	0.00539783	-0.00500359	-0.00205545	0.00046056	-0.00110596	0.00014871	0.00978350
-0.00702745	0.00559184	-0.00457547	-0.00165017	0.00049894	-0.00124978	0.00061653	0.00937303
-0.00677770	0.00609932	-0.00372111	-0.00149252	0.00070230	-0.00090861	0.00070748	0.00907165
-0.00656849	0.00636640	-0.00343037	-0.00106381	0.00071173	-0.00041352	0.00085399	0.00854580
-0.00633176	0.00642003	-0.00289573	-0.00069111	0.00065253	-0.00026941	0.00126665	0.00859510
-0.00625007	0.00667838	-0.00242608	-0.00037105	0.00083431	-0.00023474	0.00148154	0.00812430
-0.00592470	0.00697386	-0.00200039	-0.00017949	0.00111915	0.00010381	0.00149808	0.00782541
-0.00587336	0.00689731	-0.00149162	-0.00027889	0.00077299	0.00009361	0.00177875	0.00756327
-0.00566599	0.00709994	-0.00101810	0.00029925	0.00104928	0.00023303	0.00189182	0.00743726
-0.00539474	0.00696854	-0.00044434	0.00054066	0.00109277	0.00034357	0.00203845	0.00712280
-0.00518004	0.00709285	-0.00006453	0.00066268	0.00077411	0.00057181	0.00219277	0.00674575
-0.00480176	0.00725203	0.00057061	0.00117445	0.00096539	0.00066467	0.00237350	0.00651358
-0.00460367	0.00719010	0.00083079	0.00120478	0.00099799	0.00102369	0.00262295	0.00611146
-0.00486624	0.00699778	0.00065767	0.00108373	0.00088373	0.00057891	0.00235913	0.00611571
-0.00479626	0.00679681	0.00022499	0.00103397	0.00092619	0.00052829	0.00213427	0.00638573
-0.00519316	0.00647423	-0.00015494	0.00095898	0.00109178	0.00054786	0.00209559	0.00612972
-0.00535668	0.00630027	-0.00071803	0.00078624	0.00103728	0.00023623	0.00206014	0.00637366
-0.00560321	0.00584645	-0.00097690	0.00065850	0.00130489	0.00015819	0.00166922	0.00654435
-0.00572111	0.00561697	-0.00137757	0.00066118	0.00120060	-0.00012142	0.00164998	0.00634852
-0.00581570	0.00544544	-0.00186722	0.00061122	0.00115946	-0.00026196	0.00135879	0.00614972
-0.00620458	0.00501077	-0.00215003	0.00044421	0.00141963	-0.00044409	0.00098820	0.00626328
-0.00627385	0.00475500	-0.00249314	0.00011484	0.00144076	-0.00068591	0.00081982	0.00598644
-0.00646699	0.00460264	-0.00284724	0.00017231	0.00153541	-0.00084720	0.00069945	0.00589817
-0.00646663	0.00413489	-0.00335983	0.00006688	0.00143816	-0.00105949	0.00043626	0.00582572
-0.00677306	0.00364281	-0.00373872	0.00008451	0.00172359	-0.00137669	0.00004043	0.00584514
-0.00688564	0.00342219	-0.00419055	-0.00028423	0.00175079	-0.00141514	-0.00036926	0.00542639
-0.00711855	0.00329390	-0.00444945	-0.00015091	0.00172408	-0.00158794	-0.00065884	0.00503486
-0.00723097	0.00283898	-0.00468005	-0.00025746	0.00193328	-0.00165560	-0.00102717	0.00496692
-0.00741018	0.00235312	-0.00510282	-0.00024693	0.00233303	-0.00209398	-0.00131856	0.00458229
-0.00723646	0.00213244	-0.00528607	-0.00050318	0.00226592	-0.00238804	-0.00168547	0.00433118
-0.00763340	0.00195310	-0.00571183	-0.00057756	0.00256493	-0.00249063	-0.00206313	0.00412435
-0.00760612	0.00135130	-0.00570598	-0.00054150	0.00267375	-0.00278695	-0.00244116	0.00359138
-0.00779424	0.00126276	-0.00608063	-0.00053476	0.00287353	-0.00292192	-0.00286081	0.00344870
-0.00762686	0.00085396	-0.00605675	-0.00044109	0.00321150	-0.00314831	-0.00317813	0.00308275
-0.00780940	0.00067798	-0.00639747	-0.00042195	0.00316439	-0.00346541	-0.00342942	0.00265768
-0.00779019	0.00031499	-0.00617017	-0.00042082	0.00352020	-0.00354694	-0.00378795	0.00216266
-0.00778538	0.00033442	-0.00625208	-0.00037051	0.00370528	-0.00366390	-0.00408341	0.00185914
-0.00792339	-0.00028248	-0.00644438	-0.00024283	0.00382507	-0.00390613	-0.00437114	0.00166939
-0.00802518	-0.00027934	-0.00634943	-0.00018133	0.00443482	-0.00411504	-0.00456677	0.00099645
-0.00770203	-0.00048285	-0.00639577	-0.00013962	0.00438821	-0.00408784	-0.00486744	0.00105858
-0.00768448	-0.00066184	-0.00643646	-0.00016876	0.00484843	-0.00446785	-0.00499881	0.00058477
-0.00787981	-0.00097168	-0.00626474	0.00004117	0.00485488	-0.00450076	-0.00531440	0.00015134
-0.00758382	-0.00079222	-0.00608343	0.00031713	0.00497735	-0.00467754	-0.00541287	0.00002167
-0.00773726	-0.00110973	-0.00598381	0.00038181	0.00546248	-0.00491005	-0.00569260	-0.00064362
-0.00741752	-0.00107058	-0.00601435	0.00045262	0.00582776	-0.00472776	-0.00590457	-0.00053533
-0.00733998	-0.00114555	-0.00578817	0.00076229	0.00596685	-0.00507367	-0.00579017	-0.00086918
-0.00741169	-0.00129565	-0.00545709	0.00088968	0.00607375	-0.00490107	-0.00622629	-0.00119193
-0.00740951	-0.00121017	-0.00536156	0.00110578	0.00641625	-0.00502811	-0.00625514	-0.00160607
-0.00711938	-0.00152418	-0.00531822	0.00113856	0.00651078	-0.00491561	-0.00622471	-0.00176615
-0.00711703	-0.00170943	-0.00507059	0.00141754	0.00700430	-0.00471829	-0.00620320	-0.00191915
-0.00684970	-0.00158349	-0.00482972	0.00166948	0.00719132	-0.00505799	-0.00619721	-0.00207020
-0.00673004	-0.00174718	-0.00461312	0.00181552	0.00744192	-0.00500342	-0.00611426	-0.00225921
-0.00650323	-0.00163331	-0.00430798	0.00192188	0.00770771	-0.00508320	-0.00621040	-0.00229855
-0.00681485	-0.00192007	-0.00500506	0.00153880	0.00752807	-0.00559129	-0.00657501	-0.00278886
-0.00695501	-0.00210616	-0.00516299	0.00103440	0.00788963	-0.00563028	-0.00736743	-0.00274839
-0.00720979	-0.00228946	-0.00587770	0.00056432	0.00819782	-0.00629283	-0.00809780	-0.00323532
-0.00734398	-0.00277841	-0.00630290	-0.00004778	0.00820647	-0.00665891	-0.00871004	-0.00337401
-0.00739611	-0.00299103	-0.00691725	-0.00028077	0.00833366	-0.00692470	-0.00928754	-0.00367392
-0.00749253	-0.00331128	-0.00716557	-0.00103398	0.00825496	-0.00754403	-0.00986554	-0.00384665
-0.00770739	-0.00371553	-0.00755995	-0.00153667	0.00816902	-0.00794826	-0.01085272	-0.00435472
-0.00779795	-0.00406578	-0.00816934	-0.00231893	0.00826506	-0.00837081	-0.01151796	-0.00436223
-0.00795675	-0.00438324	-0.00860622	-0.00291802	0.00795007	-0.00940688	-0.01223731	-0.00473301
-0.00811663	-0.00469018	-0.00905282	-0.00346630	0.00785701	-0.00964568	-0.01273956	-0.00492548
-0.00800788	-0.00513870	-0.00933455	-0.00408745	0.00781900	-0.01025352	-0.01335634	-0.00528054
-0.00824237	-0.00548669	-0.00990060	-0.00460013	0.00779984	-0.01095500	-0.01434004	-0.00536938
-0.00832336	-0.00589411	-0.01036092	-0.00509529	0.00747237	-0.01127128	-0.01483221	-0.00565801
-0.00813642	-0.00625871	-0.01057857	-0.00574319	0.00687763	-0.01185602	-0.01560633	-0.00579497
-0.00810931	-0.00654720	-0.01088781	-0.00642395	0.00669576	-0.01245014	-0.01609064	-0.00613112
-0.00817560	-0.00659912	-0.01102495	-0.00674235	0.00626479	-0.01314639	-0.01649582	-0.00625309
-0.00800685	-0.00683252	-0.01139707	-0.00720584	0.00595197	-0.01338520	-0.01710915	-0.00656279
-0.00793880	-0.00726718	-0.01165571	-0.00776206	0.00535189	-0.01400139	-0.01749417	-0.00660494
-0.00800830	-0.00777084	-0.01157625	-0.00829686	0.00471312	-0.01455459	-0.01812534	-0.00687399
-0.00762092	-0.00783590	-0.01194472	-0.00852820	0.00430771	-0.01485887	-0.01854367	-0.00699892
-0.00718750	-0.00747705	-0.01118211	-0.00795711	0.00381535	-0.01436862	-0.01727979	-0.00637548
-0.00683840	-0.00725617	-0.01091974	-0.00743090	0.00364825	-0.01330890	-0.01630409	-0.00617714
-0.00642938	-0.00676384	-0.01036194	-0.00715120	0.00318561	-0.01262692	-0.01545620	-0.00549345
-0.00608665	-0.00626477	-0.01000010	-0.00661422	0.00315630	-0.01222782	-0.01438018	-0.00511352
-0.00570458	-0.00624030	-0.00924966	-0.00628577	0.00287266	-0.01158774	-0.01368933	-0.00461364
-0.00531853	-0.00595996	-0.00891450	-0.00598376	0.00259748	-0.01090805	-0.01278187	-0.00421406
-0.00500423	-0.00553956	-0.00878613	-0.00556414	0.00254380	-0.01030896	-0.01188083	-0.00411738
-0.00513864	-0.00534126	-0.00818797	-0.00538010	0.00235704	-0.00988461	-0.01146311	-0.00362981
-0.00458969	-0.00513108	-0.00777991	-0.00508878	0.00221048	-0.00951554	-0.01068149	-0.00321996
-0.00429432	-0.00486019	-0.00733329	-0.00475060	0.00186499	-0.00883405	-0.01031408	-0.00317423
-0.00418773	-0.00501073	-0.00757940	-0.00492942	0.00180834	-0.00910782	-0.01070846	-0.00317307
-0.00414354	-0.00511231	-0.00766236	-0.00534983	0.00135679	-0.00925915	-0.01052420	-0.00327649
-0.00405652	-0.00527436	-0.00761302	-0.00534880	0.00128548	-0.00948277	-0.01066504	-0.00318133
-0.00370661	-0.00549912	-0.00779201	-0.00552221	0.00104672	-0.00953324	-0.01074688	-0.00332709
-0.00368714	-0.00538180	-0.00784733	-0.00554564	0.00054930	-0.00965206	-0.01093914	-0.00328344
-0.00348130	-0.00562029	-0.00779706	-0.00553883	0.00037423	-0.00982724	-0.01090732	-0.00335843
-0.00320632	-0.00565107	-0.00769839	-0.00586608	0.00026424	-0.00985518	-0.01106524	-0.00329024
-0.00298540	-0.00583208	-0.00783565	-0.00607793	-0.00024959	-0.00977687	-0.01102024	-0.00324092
-0.00288453	-0.00585659	-0.00773407	-0.00594367	-0.00037272	-0.00996538	-0.01098060	-0.00345551
-0.00263063	-0.00587217	-0.00763114	-0.00606693	-0.00085313	-0.01006330	-0.01080142	-0.00330469
-0.00229524	-0.00603066	-0.00763373	-0.00610272	-0.00085321	-0.01005782	-0.01073525	-0.00337522
-0.00196297	-0.00625730	-0.00757493	-0.00617580	-0.00118822	-0.00989921	-0.01069626	-0.00327750
-0.00185884	-0.00607882	-0.00747243	-0.00609310	-0.00141816	-0.00990411	-0.01059231	-0.00334707
-0.00160860	-0.00609053	-0.00745445	-0.00628560	-0.00149839	-0.00984727	-0.01053960	-0.00322402
-0.00138358	-0.00629929	-0.00728499	-0.00607326	-0.00202486	-0.00969408	-0.01052996	-0.00312686
-0.00108952	-0.00612593	-0.00713207	-0.00620075	-0.00227799	-0.00979841	-0.01022631	-0.00324076
-0.00078477	-0.00620637	-0.00720762	-0.00627929	-0.00215231	-0.00960205	-0.01005695	-0.00314153
-0.00080193	-0.00606114	-0.00684497	-0.00604291	-0.00257041	-0.00944254	-0.00996460	-0.00304125
-0.00038665	-0.00615844	-0.00680475	-0.00605093	-0.00280916	-0.00946010	-0.00956728	-0.00324552
-0.00021285	-0.00611592	-0.00654935	-0.00606877	-0.00300525	-0.00915387	-0.00938959	-0.00304629
-0.00013069	-0.00627492	-0.00674283	-0.00609614	-0.00288070	-0.00934796	-0.00948115	-0.00287757
-0.00003422	-0.00641954	-0.00701056	-0.00613745	-0.00307966	-0.00955528	-0.00976031	-0.00255003
-0.00004462	-0.00644937	-0.00717905	-0.00651086	-0.00329761	-0.00961970	-0.00985447	-0.00266161
-0.00006996	-0.00656521	-0.00728902	-0.00660469	-0.00319968	-0.00995377	-0.00993768	-0.00251944
-0.00004566	-0.00667031	-0.00748526	-0.00659595	-0.00334175	-0.01003029	-0.01009935	-0.00214124
0.00003434	-0.00675371	-0.00769837	-0.00694965	-0.00346089	-0.01012734	-0.00992902	-0.00211827
-0.00023535	-0.00688238	-0.00770831	-0.00693336	-0.00356198	-0.01031417	-0.01023753	-0.00183117
-0.00010720	-0.00691880	-0.00778431	-0.00692088	-0.00354505	-0.01024060	-0.00996043	-0.00159559
-0.00001208	-0.00701116	-0.00795689	-0.00697366	-0.00380549	-0.01041303	-0.00990271	-0.00149081
0.00003877	-0.00701720	-0.00802481	-0.00694844	-0.00379564	-0.01034330	-0.00981299	-0.00129327
-0.00003022	-0.00695458	-0.00813982	-0.00719706	-0.00359629	-0.01028057	-0.00975238	-0.00108526
-0.00011708	-0.00692259	-0.00842937	-0.00723525	-0.00374494	-0.01034928	-0.00972800	-0.00078814
-0.00021911	-0.00696675	-0.00825129	-0.00713271	-0.00398007	-0.01049940	-0.00951403	-0.00037496
-0.00011731	-0.00692859	-0.00814454	-0.00730143	-0.00370350	-0.01051379	-0.00952676	-0.00015904
-0.00010836	-0.00707358	-0.00830682	-0.00713867	-0.00363960	-0.01025944	-0.00944773	0.00006360
-0.00013490	-0.00705652	-0.00811473	-0.00727811	-0.00388339	-0.01029632	-0.00910619	0.00025890
-0.00013902	-0.00698842	-0.00842117	-0.00698528	-0.00380800	-0.01016606	-0.00904921	0.00051810
-0.00002547	-0.00687106	-0.00830019	-0.00715129	-0.00373046	-0.01027715	-0.00904779	0.00072807
-0.00038916	-0.00689101	-0.00842050	-0.00705622	-0.00375122	-0.00981359	-0.00870528	0.00135037
-0.00043033	-0.00671210	-0.00826856	-0.00702271	-0.00343822	-0.00969150	-0.00839240	0.00156203
-0.00035264	-0.00663026	-0.00828178	-0.00701235	-0.00363143	-0.00978682	-0.00820754	0.00172737
-0.00032605	-0.00665072	-0.00835426	-0.00703947	-0.00326390	-0.00921549	-0.00833739	0.00209382
-0.00035151	-0.00617481	-0.00816996	-0.00678326	-0.00341883	-0.00904293	-0.00787314	0.00230568
-0.00026242	-0.00615223	-0.00792463	-0.00677460	-0.00315945	-0.00879706	-0.00758545	0.00243622
-0.00042124	-0.00615457	-0.00788469	-0.00667390	-0.00327394	-0.00858207	-0.00714520	0.00303151
-0.00051865	-0.00580510	-0.00804569	-0.00628475	-0.00324185	-0.00849453	-0.00680236	0.00308710
-0.00044926	-0.00562798	-0.00775267	-0.00641229	-0.00299934	-0.00806246	-0.00651512	0.00337511
-0.00050620	-0.00537195	-0.00751408	-0.00613765	-0.00289925	-0.00790519	-0.00640558	0.00393471
-0.00050090	-0.00512917	-0.00720382	-0.00588671	-0.00297228	-0.00777795	-0.00605722	0.00367365
-0.00058688	-0.00502326	-0.00719025	-0.00588670	-0.00286697	-0.00738266	-0.00584138	0.00411927
-0.00052661	-0.00478243	-0.00710070	-0.00554414	-0.00269110	-0.00714576	-0.00566738	0.00416493
-0.00062315	-0.00449592	-0.00688754	-0.00550652	-0.00272187	-0.00694017	-0.00536921	0.00438298
-0.00070100	-0.00414204	-0.00673380	-0.00522224	-0.00250858	-0.00648247	-0.00505854	0.00474146
-0.00081021	-0.00377543	-0.00662647	-0.00531947	-0.00240338	-0.00629821	-0.00478923	0.00471452
-0.00088410	-0.00358129	-0.00596308	-0.00500456	-0.00217193	-0.00590078	-0.00447107	0.00474217
-0.00076528	-0.00350533	-0.00592498	-0.00485605	-0.00226704	-0.00568404	-0.00421347	0.00499318
-0.00081283	-0.00305467	-0.00573252	-0.00449348	-0.00198853	-0.00531981	-0.00386181	0.00499357
-0.00089804	-0.00287127	-0.00557323	-0.00422758	-0.00193993	-0.00532912	-0.00366823	0.00514344
-0.00102303	-0.00228338	-0.00538582	-0.00427023	-0.00199141	-0.00481250	-0.00329929	0.00530852
-0.00087167	-0.00208734	-0.00508989	-0.00425723	-0.00192276	-0.00475101	-0.00310029	0.00521812
-0.00102857	-0.00220198	-0.00508718	-0.00417990	-0.00177445	-0.00461303	-0.00312869	0.00548792
-0.00129998	-0.00191699	-0.00532282	-0.00421968	-0.00171300	-0.00458996	-0.00317564	0.00540439
-0.00197923	-0.00186103	-0.00548022	-0.00431424	-0.00155380	-0.00470652	-0.00321426	0.00549488
-0.00184539	-0.00166225	-0.00537389	-0.00418882	-0.00169362	-0.00474956	-0.00331589	0.00561964
-0.00196408	-0.00171953	-0.00538643	-0.00405877	-0.00139509	-0.00457886	-0.00313479	0.00609388
-0.00217537	-0.00156783	-0.00558178	-0.00426819	-0.00131372	-0.00466215	-0.00323184	0.00571240
-0.00260578	-0.00140144	-0.00555630	-0.00386346	-0.00122134	-0.00449776	-0.00315816	0.00581269
-0.00268443	-0.00143569	-0.00561093	-0.00410967	-0.00126302	-0.00463974	-0.00296872	0.00592729
-0.00281756	-0.00123011	-0.00553551	-0.00404913	-0.00139454	-0.00433265	-0.00320096	0.00579408
-0.00319601	-0.00119853	-0.00560188	-0.00392067	-0.00112693	-0.00449324	-0.00322692	0.00578156
-0.00346764	-0.00087881	-0.00562472	-0.00404802	-0.00127000	-0.00422120	-0.00301142	0.00608756
-0.00354680	-0.00075269	-0.00562134	-0.00385901	-0.00095987	-0.00417221	-0.00287798	0.00579669
-0.00349924	-0.00058912	-0.00557676	-0.00370451	-0.00095931	-0.00411218	-0.00280118	0.00587246
-0.00384646	-0.00033598	-0.00556328	-0.00372681	-0.00077565	-0.00423989	-0.00292757	0.00599809
-0.00393796	-0.00034255	-0.00545903	-0.00375858	-0.00059185	-0.00379776	-0.00276301	0.00618728
-0.00390044	-0.00010057	-0.00523565	-0.00341347	-0.00062087	-0.00396561	-0.00266416	0.00607752
-0.00400620	-0.00007452	-0.00523222	-0.00353755	-0.00045813	-0.00375673	-0.00259013	0.00601823
-0.00408799	0.00054585	-0.00525966	-0.00337239	-0.00040698	-0.00358801	-0.00229135	0.00595958
-0.00433588	0.00043417	-0.00508540	-0.00306185	-0.00043773	-0.00350932	-0.00243392	0.00589733
-0.00429288	0.00070459	-0.00509975	-0.00310692	-0.00024104	-0.00318087	-0.00206771	0.00587894
-0.00440198	0.00097608	-0.00490333	-0.00277867	-0.00024210	-0.00324348	-0.00210803	0.00583651
-0.00444178	0.00146364	-0.00453925	-0.00286803	-0.00015979	-0.00303868	-0.00198252	0.00576948
-0.00443927	0.00127450	-0.00433687	-0.00293061	-0.00004975	-0.00285852	-0.00174615	0.00559453
-0.00450705	0.00137166	-0.00433776	-0.00258849	0.00001331	-0.00269855	-0.00173835	0.00578559
-0.00458318	0.00176892	-0.00410086	-0.00231118	-0.00022766	-0.00260132	-0.00155998	0.00545813
-0.00455500	0.00189411	-0.00389234	-0.00232448	0.00000687	-0.00249445	-0.00143691	0.00556888
-0.00474856	0.00208688	-0.00364008	-0.00205336	0.00019220	-0.00239019	-0.00120717	0.00558314
-0.00448313	0.00240219	-0.00356450	-0.00193666	0.00020471	-0.00219938	-0.00130039	0.00522248
-0.00439595	0.00223783	-0.00322690	-0.00165308	0.00027752	-0.00185345	-0.00098810	0.00515261
-0.00424252	0.00251317	-0.00306978	-0.00159191	0.00027957	-0.00174499	-0.00087055	0.00539317
-0.00415930	0.00267417	-0.00298220	-0.00144697	0.00041797	-0.00169770	-0.00079776	0.00503278
-0.00411762	0.00298972	-0.00245713	-0.00119595	0.00024117	-0.00149145	-0.00058207	0.00483478
-0.00412547	0.00310118	-0.00226218	-0.00093220	0.00042368	-0.00148109	-0.00044772	0.00490771
-0.00388569	0.00303182	-0.00186881	-0.00082938	0.00027600	-0.00139004	-0.00029266	0.00463528
-0.00398911	0.00328619	-0.00176528	-0.00059601	0.00050758	-0.00111780	-0.00018768	0.00454665
-0.00402817	0.00308625	-0.00148120	-0.00041572	0.00069071	-0.00090510	0.00012962	0.00447809
-0.00378455	0.00340430	-0.00143027	-0.00041531	0.00072856	-0.00095108	0.00008608	0.00445326
-0.00372187	0.00340597	-0.00098235	-0.00018193	0.00055682	-0.00074114	0.00027203	0.00423675
-0.00330427	0.00365660	-0.00078720	-0.00007419	0.00062310	-0.00067586	0.00038427	0.00400429
-0.00347561	0.00364553	-0.00052278	-0.00001485	0.00064692	-0.00037691	0.00048231	0.00396606
-0.00360403	0.00350025	-0.00083102	0.00014018	0.00067242	-0.00072850	0.00035220	0.00395363
-0.00376073	0.00327042	-0.00096731	-0.00015514	0.00089904	-0.00088084	0.00027151	0.00386052
-0.00393791	0.00325294	-0.00119993	-0.00025763	0.00072858	-0.00073398	0.00017598	0.00388831
-0.00404397	0.00279689	-0.00148205	-0.00023088	0.00072925	-0.00094728	0.00002825	0.00404301
-0.00394787	0.00284699	-0.00174256	-0.00032422	0.00067251	-0.00099516	-0.00016460	0.00381389
-0.00407882	0.00267889	-0.00170796	-0.00012904	0.00087531	-0.00117780	-0.00043911	0.00384124
-0.00416537	0.00257253	-0.00192199	-0.00026722	0.00097074	-0.00140563	-0.00041545	0.00359757
-0.00409585	0.00242541	-0.00227039	-0.00049396	0.00103781	-0.00144482	-0.00062228	0.00370041
-0.00432627	0.00202796	-0.00233125	-0.00055458	0.00097249	-0.00172104	-0.00080869	0.00351294
-0.00452503	0.00185499	-0.00257316	-0.00053518	0.00110403	-0.00170783	-0.00099113	0.00330131
-0.00434369	0.00195025	-0.00262118	-0.00038392	0.00094965	-0.00181514	-0.00107758	0.00354133
-0.00463812	0.00142388	-0.00270122	-0.00061168	0.00116822	-0.00207378	-0.00132260	0.00327147
-0.00454505	0.00145005	-0.00290980	-0.00063966	0.00105426	-0.00203991	-0.00160337	0.00315236
-0.00464402	0.00135375	-0.00289421	-0.00084636	0.00144775	-0.00232075	-0.00168618	0.00304653
-0.00471176	0.00112911	-0.00342173	-0.00085185	0.00129361	-0.00224739	-0.00210315	0.00293469
-0.00468082	0.00092870	-0.00354297	-0.00072320	0.00139628	-0.00241992	-0.00216666	0.00268121
-0.00469000	0.00083009	-0.00365308	-0.00098382	0.00137081	-0.00278297	-0.00241281	0.00279943
-0.00487277	0.00042793	-0.00369987	-0.00085054	0.00171778	-0.00275430	-0.00246637	0.00266554
-0.00492192	0.00043064	-0.00379864	-0.00082635	0.00184424	-0.00303384	-0.00261889	0.00206333
-0.00495788	0.00031014	-0.00384193	-0.00074303	0.00161011	-0.00313702	-0.00290877	0.00212211
-0.00499518	0.00030849	-0.00397735	-0.00109209	0.00198163	-0.00326005	-0.00302783	0.00206884
-0.00504359	0.00005067	-0.00411674	-0.00092648	0.00199648	-0.00318237	-0.00316665	0.00157133
-0.00517192	-0.00016261	-0.00394911	-0.00094734	0.00221236	-0.00331665	-0.00331620	0.00157375
-0.00508263	-0.00024231	-0.00412218	-0.00067849	0.00209958	-0.00353616	-0.00347811	0.00137371
-0.00515554	-0.00022012	-0.00433303	-0.00093226	0.00212131	-0.00357976	-0.00367479	0.00131402
-0.00527478	-0.00038989	-0.00417769	-0.00081487	0.00234057	-0.00371547	-0.00393071	0.00095670
-0.00502364	-0.00052696	-0.00429818	-0.00071246	0.00251438	-0.00370431	-0.00377250	0.00074476
-0.00483403	-0.00051745	-0.00408943	-0.00063643	0.00285740	-0.00383649	-0.00409461	0.00046512
-0.00511736	-0.00062105	-0.00410793	-0.00061311	0.00277524	-0.00406166	-0.00420320	0.00035057
-0.00516970	-0.00095644	-0.00417732	-0.00058190	0.00317271	-0.00383881	-0.00426010	0.00015984
-0.00496663	-0.00095570	-0.00401962	-0.00038124	0.00316571	-0.00405634	-0.00433764	0.00013272
-0.00484828	-0.00106457	-0.00399903	-0.00037347	0.00337527	-0.00392575	-0.00455482	-0.00005075
-0.00486041	-0.00115391	-0.00382447	-0.00029334	0.00337619	-0.00394299	-0.00457002	-0.00033269
-0.00475483	-0.00107002	-0.00397187	-0.00036605	0.00359978	-0.00414058	-0.00463250	-0.00034445
-0.00468380	-0.00114435	-0.00373811	-0.00022737	0.00360509	-0.00406917	-0.00459069	-0.00070768
-0.00469141	-0.00109157	-0.00393219	0.00001987	0.00382631	-0.00401345	-0.00454413	-0.00084625
-0.00457271	-0.00127763	-0.00366286	0.00005141	0.00382279	-0.00423653	-0.00469695	-0.00105021
-0.00451018	-0.00138541	-0.00337146	0.00007234	0.00407553	-0.00412905	-0.00453623	-0.00097516
-0.00452048	-0.00129622	-0.00360005	0.00005598	0.00403830	-0.00425113	-0.00457649	-0.00110767
-0.00459661	-0.00151827	-0.00345004	0.00015986	0.00417546	-0.00409976	-0.00446237	-0.00130726
-0.00466878	-0.00149968	-0.00355910	0.00001530	0.00420827	-0.00418651	-0.00481791	-0.00133489
-0.00441011	-0.00161346	-0.00383709	-0.00009445	0.00425404	-0.00459033	-0.00526545	-0.00146324
-0.00475700	-0.00181325	-0.00420254	-0.00037703	0.00425701	-0.00476090	-0.00569966	-0.00158695
-0.00482403	-0.00212405	-0.00458283	-0.00075004	0.00408061	-0.00505015	-0.00593868	-0.00158804
-0.00472149	-0.00230870	-0.00469207	-0.00099690	0.00411223	-0.00539460	-0.00616995	-0.00178700
-0.00474424	-0.00227336	-0.00482170	-0.00143854	0.00397127	-0.00539246	-0.00651218	-0.00194298
-0.00490492	-0.00251765	-0.00529655	-0.00135513	0.00399877	-0.00571822	-0.00678955	-0.00213118
-0.00492495	-0.00288327	-0.00528408	-0.00181716	0.00420380	-0.00609535	-0.00724782	-0.00189267
-0.00482671	-0.00301007	-0.00550875	-0.00198934	0.00386490	-0.00628466	-0.00750208	-0.00223921
-0.00489837	-0.00331029	-0.00596075	-0.00235529	0.00373785	-0.00662118	-0.00773108	-0.00243094
-0.00488585	-0.00353961	-0.00613348	-0.00252281	0.00380788	-0.00670735	-0.00827172	-0.00235614
-0.00484097	-0.00338481	-0.00622411	-0.00285181	0.00361623	-0.00682264	-0.00826929	-0.00252772
-0.00497956	-0.00382453	-0.00657218	-0.00328995	0.00358654	-0.00752617	-0.00882784	-0.00261548
-0.00497299	-0.00392369	-0.00664909	-0.00336238	0.00325321	-0.00767903	-0.00903944	-0.00263107
-0.00473842	-0.00394848	-0.00665831	-0.00368961	0.00302234	-0.00790060	-0.00943670	-0.00263954
-0.00472120	-0.00428939	-0.00695839	-0.00386155	0.00287855	-0.00795169	-0.00964402	-0.00279524
-0.00484358	-0.00442812	-0.00711151	-0.00408430	0.00265076	-0.00851865	-0.00976108	-0.00291008
-0.00445286	-0.00456036	-0.00716623	-0.00431174	0.00249389	-0.00856156	-0.00997694	-0.00294204
-0.00453450	-0.00468342	-0.00750839	-0.00472429	0.00235625	-0.00866264	-0.01022315	-0.00299979
-0.00435352	-0.00474731	-0.00749031	-0.00489596	0.00192577	-0.00903410	-0.01024116	-0.00295544
