-0,24493136	-0,14678037	-0,38515912	-0,34618726	0,02094622	-0,00957107	-0,36318235	-0,27216276
-0,21154790	-0,14833362	-0,33783982	-0,39482481	0,01646145	-0,02999520	-0,49640099	-0,29080572
-0,22756189	-0,12645142	-0,31874292	-0,41927912	0,01842831	-0,04079792	-0,63612626	-0,33090232
-0,19729534	-0,09524418	-0,30224484	-0,44277901	0,00727905	-0,06796714	-0,72941486	-0,30544631
-0,19447699	-0,08421170	-0,23646193	-0,44471996	-0,01153066	-0,08702442	-0,82654499	-0,29385545
-0,18766530	-0,10904354	-0,22182356	-0,44089168	-0,02125545	-0,11892895	-0,87099134	-0,28171988
-0,16176393	-0,07174598	-0,17662444	-0,44543088	-0,03517650	-0,12498851	-0,86446418	-0,27835970
-0,15043126	-0,06283919	-0,16925773	-0,41039915	-0,04405903	-0,14720840	-0,84236717	-0,25346020
-0,14116187	-0,06344467	-0,13586190	-0,38892075	-0,03489340	-0,11739447	-0,79591304	-0,23126891
-0,13934702	-0,03233538	-0,12793338	-0,34196732	-0,04577886	-0,15717193	-0,72773650	-0,19743753
-0,09428456	-0,06318882	-0,10745429	-0,30145887	-0,04688186	-0,15373219	-0,66597813	-0,18840600
-0,10908829	-0,03537796	-0,08130936	-0,26555392	-0,01024141	-0,12535141	-0,59575055	-0,16060256
-0,06965094	-0,03832075	-0,06752269	-0,22973466	0,01950728	-0,10588426	-0,47017570	-0,13484151
-0,08515719	-0,04584443	-0,06139286	-0,19461446	0,06247549	-0,12288576	-0,37546189	-0,14109533
-0,06727572	-0,01819635	-0,05789325	-0,14107995	0,12060815	-0,07862083	-0,32873524	-0,14902591
-0,05017396	-0,01667081	-0,03608629	-0,11837109	0,14822745	-0,07976120	-0,27735262	-0,10737401
-0,06731299	-0,02484768	-0,01983229	-0,10399919	0,21555306	-0,07313343	-0,22492010	-0,09311173
-0,05630985	-0,01294926	-0,02634277	-0,07611209	0,23014567	-0,03849930	-0,19533899	-0,09868117
-0,04326990	-0,01932937	-0,01254603	-0,05485881	0,27905986	-0,05286495	-0,15805327	-0,08038968
-0,02603869	-0,00182618	-0,02407400	-0,03528309	0,29574386	-0,05847145	-0,12368070	-0,06075908
-0,03404082	-0,02106957	-0,04317439	-0,04981364	0,23814117	-0,06596014	-0,13575972	-0,07119478
-0,04213295	-0,02984102	-0,04107986	-0,03999413	0,14637509	-0,06807692	-0,12161779	-0,07049534
-0,02946400	-0,02338651	-0,00686230	-0,04956913	0,06940199	-0,07779261	-0,14041622	-0,07109872
-0,02957520	-0,00511672	-0,01928036	-0,05705960	-0,01013473	-0,08827416	-0,13328679	-0,08479939
-0,04870565	-0,02435622	-0,01189277	-0,03973972	-0,05508026	-0,07922018	-0,13088128	-0,08144509
-0,02591064	-0,02450641	-0,03118365	-0,04778434	-0,11079991	-0,08101954	-0,11050108	-0,07198420
-0,03061217	-0,03045388	-0,01498742	-0,05196100	-0,18013082	-0,06944321	-0,12602425	-0,06845091
-0,02840636	-0,01726153	-0,01446911	-0,04065199	-0,19066444	-0,08219884	-0,12515850	-0,05666549
-0,03490919	-0,01812452	-0,01404337	-0,05689560	-0,21623417	-0,07396200	-0,10096150	-0,06357633
-0,04002549	-0,03082964	-0,01276428	-0,03531114	-0,21546955	-0,07808830	-0,09207008	-0,05690951
-0,01523503	-0,01381523	-0,03274478	-0,05500400	-0,21165621	-0,07322402	-0,08582207	-0,04951081
-0,01377234	-0,02091094	-0,01128342	-0,05825948	-0,18780770	-0,07196804	-0,07510580	-0,06489203
-0,02540983	-0,03682307	-0,00664525	-0,03867155	-0,19503557	-0,04139740	-0,05723616	-0,05626576
-0,00777163	-0,01157231	-0,01125427	-0,04416784	-0,15891899	-0,04875427	-0,04502680	-0,07400095
0,00283133	-0,02122086	-0,02380498	-0,03697234	-0,16762848	-0,03783662	-0,02734754	-0,04945726
0,00842231	-0,02562722	-0,00824097	-0,02953847	-0,15712350	-0,05004259	-0,04677975	-0,03883968
0,02361143	0,00226787	-0,02003778	-0,03490928	-0,12576690	-0,02039568	-0,04748385	-0,04006472
0,02124113	-0,02073652	-0,00488507	-0,02077659	-0,13618310	-0,01659654	-0,04656540	-0,04040433
0,01333652	-0,01527161	-0,00365079	-0,03127505	-0,11252628	0,00337381	-0,02450786	-0,01386587
0,00939134	-0,01316883	-0,01757625	-0,01989540	-0,10161141	-0,00672041	-0,02864477	-0,02009634
0,00590007	-0,01727852	-0,02100628	-0,00982391	-0,11075475	0,00641549	-0,03437345	-0,01799388
0,00452895	-0,02110262	-0,02374026	-0,04093173	-0,09764531	-0,01440954	-0,04079304	-0,03900577
0,01972286	-0,02507777	-0,01305056	-0,02484109	-0,09968392	-0,01725756	-0,01738609	-0,02610808
0,03285146	-0,03679453	-0,00097202	-0,02168902	-0,12244221	-0,03354486	-0,02006132	-0,03724774
0,02847088	-0,05242030	-0,01786878	-0,02323686	-0,10871230	-0,04872878	-0,02263759	-0,04281813
0,04596886	-0,04015799	-0,01886258	-0,02418478	-0,12680049	-0,06132240	-0,03680385	-0,03630234
0,06040879	-0,02037978	-0,01110987	-0,02033710	-0,12141545	-0,06867192	-0,04517855	-0,03541868
0,05690626	-0,04244512	-0,01681092	-0,02191100	-0,10736428	-0,09066929	-0,04810941	-0,06213997
0,08116150	-0,02534698	-0,02239291	-0,03712465	-0,11789702	-0,10752430	-0,04853108	-0,05152980
0,07562744	-0,04990385	-0,02082415	-0,04252772	-0,10727344	-0,14378236	-0,05047138	-0,03953959
0,11407176	-0,05564204	-0,02498334	-0,05529423	-0,10461386	-0,14312714	-0,04736373	-0,05077923
0,11110165	-0,03944763	-0,02774182	-0,04120178	-0,09252137	-0,16560559	-0,04725343	-0,03633387
0,12255884	-0,05800617	-0,02153270	-0,03450066	-0,08060404	-0,17655715	-0,04573383	-0,04298282
0,12630046	-0,05451024	-0,01303623	-0,03746575	-0,07829744	-0,19228797	-0,03544532	-0,04159020
0,15621136	-0,05650119	-0,02017315	-0,02757581	-0,07317206	-0,20201855	-0,04255956	-0,03714596
0,19868485	-0,06153901	-0,02083250	-0,03234575	-0,06195802	-0,17225359	-0,01294394	-0,01936712
0,22737282	-0,06459942	-0,00901527	-0,04082968	-0,05258110	-0,18867902	-0,04163802	-0,03214747
0,23908163	-0,07179387	-0,02529442	-0,04300598	-0,04695643	-0,17833047	-0,02327414	-0,03551220
0,26845707	-0,07600643	-0,02107149	-0,04097607	-0,05814102	-0,16762918	-0,02432087	-0,02942256
0,28648008	-0,07569983	-0,03808859	-0,03817032	-0,04290364	-0,14962838	-0,02421162	-0,00229427
0,30373467	-0,07905706	-0,02099509	-0,03814119	-0,03997215	-0,11468051	-0,00451188	0,00072575
0,30704358	-0,07747493	-0,04508447	-0,02681495	-0,04273153	-0,09975658	-0,01304824	0,02953268
0,30979593	-0,08339708	-0,03372903	-0,02602994	-0,01900959	-0,09664597	-0,02525529	0,02941319
0,28843852	-0,08323722	-0,02943526	-0,03937301	-0,02436070	-0,06974064	-0,00318894	0,04869322
0,32290853	-0,08564413	-0,04466245	-0,02065571	-0,04060174	-0,07610235	-0,01327157	0,02696852
0,29811329	-0,08513216	-0,01606878	-0,02391259	-0,01571897	-0,06746587	-0,00104601	0,03868094
0,26578711	-0,09389090	-0,03920944	-0,01787049	-0,01592844	-0,03511857	-0,00834779	0,04408105
0,21608140	-0,08977372	-0,02379190	-0,01358656	0,00330163	-0,02004357	-0,00485353	0,07336054
0,20121567	-0,09280738	-0,02123525	-0,01128826	-0,01153017	-0,02106440	0,01078461	0,07253953
0,15919362	-0,06639405	-0,00248555	-0,01121284	-0,00796271	-0,00086398	0,00982215	0,04618398
0,12471095	-0,09731119	-0,01730551	-0,02230267	0,00667238	0,00345211	0,01724045	0,06918910
0,08495043	-0,07590282	-0,01962040	-0,00252940	0,01767482	-0,00850058	0,03008895	0,05989290
0,07754950	-0,05099065	-0,00635627	-0,02024361	-0,01531672	0,00802918	0,01080442	0,07717852
0,06193530	-0,05646751	-0,02408869	-0,00405991	-0,00142275	-0,00091057	0,00387525	0,06845509
0,04618630	-0,04876128	-0,01442598	-0,03101486	-0,01220648	-0,00318049	0,03001946	0,06385441
0,01910802	-0,01483744	-0,00433801	0,00792774	-0,00258822	0,00745444	0,01154137	0,07665690
0,00922347	-0,03255968	-0,01407228	-0,02017516	-0,00568303	-0,00087783	0,02839258	0,07217751
0,00602847	-0,02623172	-0,01195721	-0,00421473	0,01589455	0,00901776	0,00859447	0,04754234
-0,00499159	-0,01251116	-0,03007895	-0,01176314	-0,00614981	0,01781942	0,01872071	0,04356506
0,00577295	0,00417080	-0,00025565	-0,00154068	0,00620787	0,02110069	0,02084047	0,06253412
-0,02910543	0,01238911	0,01091358	-0,00007829	-0,00004101	0,01165818	0,00160060	0,05655365
-0,02641641	0,00714742	0,00554052	0,00477637	0,00649984	0,00104948	0,02285210	0,05727698
-0,04551584	-0,00607893	0,00454475	-0,00811864	-0,00094703	-0,00629910	-0,01367490	0,06836927
-0,05298023	0,02711769	-0,00059117	0,00230358	0,00911392	0,01845971	0,01362273	0,07060675
-0,05257836	0,00978758	-0,00259409	0,01277723	-0,00128496	0,00581845	0,02339138	0,09213882
-0,05536024	0,01645278	0,00510931	0,00294064	0,00454304	0,02284555	0,02005987	0,08077392
-0,05889575	0,00210474	-0,00417218	0,00654236	-0,01088698	0,01166360	0,02342974	0,08809804
-0,06996319	0,02887941	0,00712033	0,00144352	0,00944243	0,02105289	0,02656170	0,09133093
-0,07198459	0,02336249	0,00510798	-0,00544990	0,00454807	0,04977209	0,03744380	0,10187503
-0,07414935	0,02750833	-0,00235553	-0,01657388	0,00741695	0,00938135	0,01482527	0,11122126
-0,05647754	0,05654967	0,01764599	0,00050652	0,00224019	0,02891472	0,03406666	0,08893271
-0,07752112	0,04615064	-0,01079163	0,01518964	0,01963116	0,03914487	0,03756110	0,11388574
-0,06596019	0,07055674	0,01090097	0,00609015	0,01991053	0,04095259	0,03285387	0,10896324
-0,04790193	0,09567988	0,00678911	-0,01149935	-0,00533459	0,03776571	0,03173510	0,12203342
-0,04864802	0,11600140	-0,00796766	-0,01147254	0,01128614	0,03414643	0,02655074	0,11379673
-0,05250909	0,16031185	0,01308618	0,00402113	0,00584262	0,02253926	0,04091451	0,11159954
-0,05071912	0,20189316	0,03662000	0,00997625	-0,01833664	0,02137029	0,03508692	0,11503249
-0,01662920	0,24167876	0,03432555	0,00638160	0,01218472	0,03355003	0,02863102	0,09997285
-0,04655890	0,27599362	0,01400019	0,01074677	0,01685008	0,03961879	0,04067605	0,09438963
-0,01604420	0,31574139	0,02171943	0,02486109	0,02423174	0,03665638	0,02089111	0,09034029
-0,03006426	0,34266692	0,02655479	0,02325660	0,00940752	0,02904542	0,04205058	0,07839493
-0,02185048	0,35862120	0,02898268	0,01043355	0,02444874	0,02645598	0,05434500	0,06299269
-0,00531337	0,37636590	0,04245833	0,01907554	-0,00833484	0,04161566	0,03285991	0,05207581
0,00377814	0,34095648	0,06379669	0,00707784	0,00435542	0,03719192	0,03200684	0,03632067
0,01933994	0,35511296	0,04723252	0,00789514	0,00944630	0,02719196	0,04611890	0,03344115
-0,00940304	0,33042048	0,06836539	0,03123193	0,00591991	0,02038445	0,04873631	0,02743056
0,00697001	0,31596131	0,08022986	0,03321636	0,00400900	0,03071937	0,05631638	0,01922795
-0,00226518	0,27843836	0,08991808	0,03807428	0,00886962	0,03565544	0,05232641	0,01431356
0,01114810	0,23781890	0,10002539	0,03088549	0,00788822	0,02999219	0,02288342	0,01377252
0,01763452	0,21872338	0,11052439	0,04337128	-0,02004458	0,04541396	0,04034538	0,01281930
0,00095249	0,18766222	0,12811957	0,02000797	-0,00594025	0,01916705	0,04456466	0,02621343
0,00382750	0,15155912	0,14250736	0,04481910	0,00537228	0,03315986	0,01376720	-0,00325440
0,02736609	0,13489437	0,10549097	0,03700156	-0,00283719	0,03020180	0,05216941	-0,00840821
0,00997778	0,10491309	0,11293202	0,02949508	0,01712088	0,02249996	0,04801736	-0,01187419
0,00999517	0,11409247	0,11733168	0,03288013	-0,01116921	0,02981712	0,03010163	-0,00989507
0,03012350	0,09322457	0,11276171	0,03440802	-0,00402267	0,01657251	0,03016881	-0,01893509
0,01283016	0,10312721	0,12098062	0,03389160	0,00539957	0,03113980	0,04009177	0,00346920
0,01522588	0,08705712	0,12728613	0,01390896	0,01187438	0,02048697	0,02903452	0,01902699
-0,00270556	0,06465250	0,11295295	0,04355314	0,00125496	0,03192775	0,02395406	-0,00117372
0,00797514	0,04498085	0,08916966	0,03878749	0,00431347	0,01650814	0,02820271	0,00690623
0,02771069	0,07827135	0,12329519	0,04073549	0,00242675	0,01319140	0,02474066	-0,00189960
0,01214846	0,07880209	0,11098997	0,04166062	-0,00941830	0,02016637	0,03713378	0,01988986
0,00252744	0,07380728	0,12948741	0,04935411	0,01218487	0,02212578	0,02023706	0,00027131
0,01084560	0,06235011	0,13455915	0,03244645	0,01529115	0,01953669	0,03112037	0,01959904
0,02893922	0,07810697	0,13803524	0,05202756	-0,00313697	0,02091286	0,02756559	-0,00251718
-0,00341093	0,07077761	0,14299245	0,05349793	-0,00233698	0,03058757	0,04758768	0,02046923
-0,00875648	0,07650948	0,16860093	0,04415542	0,00981944	0,00944913	0,04782567	0,00347673
0,01044810	0,06685998	0,17435661	0,05896503	0,01178203	0,01694169	0,03169629	0,01749536
0,01622545	0,06892439	0,17493946	0,05994106	-0,00213551	0,02546563	0,05734150	0,02488954
-0,01116040	0,05193078	0,16999310	0,06606719	0,01933887	0,04461745	0,04235976	0,03134729
0,00290233	0,08040227	0,19245001	0,05884368	0,01765065	0,01220756	0,03502710	0,04683504
-0,00683660	0,05801227	0,19197103	0,07521329	-0,00679732	0,03560686	0,06761727	0,04143640
-0,00704904	0,07190836	0,17743771	0,06527221	0,00471373	0,00698544	0,06248310	0,03086925
0,01048658	0,07479710	0,16520858	0,08338442	-0,00641866	0,03705927	0,08196145	0,03408253
0,00097625	0,05744010	0,16546428	0,09028424	0,00383926	0,02455508	0,05294199	0,02835471
0,00312725	0,05313590	0,12987205	0,08509664	-0,00992382	0,02986522	0,06289620	0,05253100
0,00719145	0,04211540	0,14793843	0,09334799	0,00204289	0,03589497	0,06066645	0,04617141
0,00855889	0,06207960	0,11019648	0,09708586	-0,01693500	0,01636455	0,09024260	0,04138659
0,00111358	0,03529145	0,12177346	0,10720300	0,01017562	0,03239245	0,05066900	0,03191510
-0,00317465	0,03592877	0,10395273	0,11585158	-0,00396657	0,01518276	0,08156399	0,03980268
0,01251482	0,01918467	0,09545643	0,12142319	-0,01274580	0,01935925	0,06265237	0,01635418
-0,00137550	0,02130599	0,09051344	0,13512957	0,00222407	0,03140272	0,07219740	0,03615033
-0,00841918	0,02069579	0,09951542	0,15422300	-0,00031722	0,02488262	0,06670017	0,03090736
-0,01826359	0,02074958	0,07904233	0,14495581	-0,00865535	0,03189107	0,07383271	0,02882553
-0,00968060	0,03010162	0,08111996	0,14270295	0,00209403	0,00313161	0,05467807	0,01364175
0,00512975	0,01340506	0,07297845	0,15676622	-0,01677262	-0,00834405	0,06219516	0,02232119
-0,01778181	-0,00364370	0,07789505	0,17795803	-0,01183165	0,00973563	0,06540566	0,02368918
-0,00412766	0,01158137	0,07652857	0,17804157	-0,02137955	0,01169247	0,04298337	0,02679863
-0,00803389	-0,00205347	0,05402949	0,16276703	-0,01572484	0,02054301	0,04346172	0,01899187
-0,01131929	0,01136428	0,04692838	0,17510597	0,00079295	-0,00114580	0,03857143	-0,00161526
-0,01166512	-0,00697184	0,03278415	0,17000396	-0,00897139	0,02617956	0,01871243	-0,00433790
-0,00745430	0,01177847	0,03199791	0,16676672	-0,01831568	0,02869735	0,04369300	0,01192939
-0,02106706	0,02549958	0,04484647	0,16220013	0,00126345	0,00708652	0,04225734	0,01690972
-0,02348506	0,02771388	0,04649337	0,16554883	0,00214749	0,01437172	0,02513288	-0,00236475
-0,01741427	-0,01185955	0,02924579	0,17071563	0,00719083	0,00935933	0,01145141	-0,01663272
-0,02258797	-0,00239849	0,02046479	0,13636508	0,02080755	-0,00898116	0,02472079	-0,01595800
-0,00849268	-0,00056123	0,01868828	0,12971037	0,01423865	0,00973700	0,02587909	-0,00303064
-0,01464821	-0,01034959	0,02124015	0,12919540	0,00481230	0,00745338	0,01744953	0,00336072
-0,00640535	0,00765717	0,01681960	0,11733567	0,02445784	0,01410236	0,01119275	-0,00822861
-0,02988749	0,01305208	0,03040967	0,12178895	0,02302606	0,02810943	0,02830911	-0,02144331
-0,02152470	0,00837700	0,00682716	0,10455690	0,01196240	0,01483578	0,01520262	-0,01320389
-0,01569452	0,01138711	0,00395371	0,11751057	0,05378719	0,00168595	0,01872865	-0,01091088
-0,02702141	-0,00862347	0,04025491	0,13216868	0,02694918	-0,00022249	0,00795235	-0,00424667
-0,01374418	-0,01223523	0,01710339	0,12751105	0,05324984	0,01337728	0,00819282	-0,01546933
-0,03092320	0,00824058	0,01779865	0,11935086	0,05423694	-0,00517894	0,01526283	-0,01349432
-0,02282660	0,00572742	0,01327659	0,11337599	0,07896852	-0,01986149	0,01281726	-0,02213618
-0,01945340	-0,00708141	0,00511701	0,11861732	0,10035995	-0,00854496	-0,00046819	-0,03755162
-0,02847190	-0,00433552	-0,00214284	0,09963308	0,14652404	0,00155088	-0,01945789	-0,01810902
-0,01656800	-0,01743169	-0,00087312	0,08289054	0,17542000	0,00783490	-0,00529605	-0,03233450
-0,02959822	-0,01101818	0,01338991	0,09451046	0,20150856	-0,00048065	-0,00134501	-0,04130728
-0,03222191	-0,01594106	0,00001939	0,05936664	0,24642753	-0,01876180	-0,01964769	-0,03378738
-0,01061262	0,00165020	-0,01285310	0,05451930	0,28633810	-0,00488575	-0,00775976	-0,04908621
-0,04208826	-0,00686320	0,00260612	0,03999121	0,33507671	-0,01331666	-0,02727111	-0,06011527
-0,04020603	-0,01508500	-0,00701769	0,03145724	0,35779218	-0,01255297	-0,05233169	-0,04918663
-0,05104506	-0,00650484	-0,03126669	0,00613760	0,39302084	-0,03019851	-0,07044497	-0,05920185
-0,04648927	-0,02302194	-0,00707977	0,00320955	0,42123591	-0,03198885	-0,07591452	-0,04910678
-0,04225001	-0,00334922	-0,02329072	-0,02452531	0,44029181	-0,02780958	-0,09038184	-0,07123728
-0,02799579	-0,01550744	-0,02342725	-0,03289930	0,40219986	-0,02520213	-0,12189141	-0,05922491
-0,04740648	-0,01793218	-0,02792756	-0,01888919	0,36789807	-0,03885776	-0,09758271	-0,08275295
-0,04339980	-0,01476859	-0,01318884	-0,03428369	0,28799539	-0,05733159	-0,13311158	-0,07082999
-0,03091458	0,00022388	-0,02594099	-0,03503911	0,23636847	-0,04144344	-0,11772416	-0,06129331
-0,04345632	0,01033115	-0,01550968	-0,05422018	0,18134036	-0,04362618	-0,11218658	-0,06005723
-0,05139658	-0,00406855	-0,03006052	-0,05099283	0,16222366	-0,04913950	-0,12359597	-0,04696125
-0,03147736	-0,02892343	-0,00694745	-0,03866167	0,11196131	-0,05592727	-0,12185088	-0,05294580
-0,03806900	-0,02138325	-0,03529002	-0,04933453	0,07707272	-0,05169373	-0,09061053	-0,05788694
-0,03911211	-0,01944741	-0,01719526	-0,02636151	0,07011108	-0,04527413	-0,09181311	-0,07167003
-0,03912012	-0,02994576	-0,01459830	-0,03478393	0,07172315	-0,05727841	-0,10579682	-0,03378648
-0,02592365	-0,02649595	-0,02957922	-0,03439584	0,06008979	-0,04328473	-0,10095945	-0,04930726
-0,02730081	-0,02185073	-0,02692449	-0,01468544	0,04057257	-0,05082764	-0,07434594	-0,03516001
-0,02511852	-0,02185672	-0,02747397	-0,04058758	0,03717980	-0,03995112	-0,05172003	-0,02332999
-0,01755663	-0,00267333	-0,02882785	-0,01163709	0,03909151	-0,04804697	-0,07904187	-0,04368227
-0,00588667	-0,02288314	-0,02288696	-0,01868306	0,01428646	-0,05600298	-0,09911101	-0,04991468
-0,02449678	-0,02893891	-0,03226737	-0,04174583	-0,00137520	-0,05477273	-0,06368154	-0,03276144
-0,03568033	-0,00569639	-0,02257179	-0,03284205	0,00857299	-0,05827741	-0,07811966	-0,04015923
-0,02621935	-0,01293036	-0,03412739	-0,03114064	-0,00485338	-0,06209302	-0,08323208	-0,04103487
-0,03824383	-0,02091039	-0,03100509	-0,04965188	-0,01348604	-0,06528592	-0,06198253	-0,04165046
-0,00959897	-0,00446481	-0,02381680	-0,03421644	-0,00093178	-0,06327063	-0,07403840	-0,03307643
-0,01818958	-0,02660562	-0,01416873	-0,01947623	-0,02389250	-0,07198344	-0,05491530	-0,03987317
-0,03349663	-0,02515374	-0,03404266	-0,04283475	-0,03186945	-0,07219807	-0,06401532	-0,03094484
-0,02690534	-0,01293591	-0,03924926	-0,03896940	-0,03956161	-0,08797220	-0,06798745	-0,03709966
-0,01671325	-0,03626647	-0,01142728	-0,03810893	-0,03608230	-0,05591970	-0,07106648	-0,05008612
-0,00610546	-0,02566221	-0,01497770	-0,01777412	-0,03151148	-0,06286344	-0,06442898	-0,04679892
0,00981784	-0,02609944	-0,02484365	-0,02350731	-0,04617538	-0,05459954	-0,05476067	-0,02022092
-0,00052261	-0,01555121	-0,00176925	-0,05284528	-0,05677994	-0,07707479	-0,05511525	-0,02321261
0,00101258	-0,02249073	-0,02984487	-0,02666852	-0,03581279	-0,05278079	-0,05721929	-0,01059511
0,00991557	-0,03582842	-0,02586233	-0,02316443	-0,03846715	-0,05415003	-0,04868180	-0,02358090
0,00611688	-0,01087648	-0,02340915	-0,03350454	-0,04875812	-0,03294073	-0,04086038	-0,03526462
0,02706943	-0,02821619	-0,00676516	-0,02078311	-0,05271835	-0,04034495	-0,04905993	-0,01640034
0,01955871	-0,02494070	-0,02668623	-0,03918004	-0,03996496	-0,03517120	-0,04068899	-0,01182781
0,02252709	-0,02144294	0,00108183	-0,04801572	-0,03940580	-0,03955435	-0,02894409	-0,03192367
-0,01169769	-0,01400626	-0,01048697	-0,00518820	-0,03238290	-0,05070091	-0,03635236	-0,02843489
0,00183741	-0,03337041	-0,01486465	-0,01371559	-0,04364885	-0,04955819	-0,05054378	-0,02023102
0,00823528	-0,01127465	-0,01773727	-0,00446390	-0,04505625	-0,05576797	-0,04977863	-0,03583293
0,01664600	-0,02751511	-0,02214552	-0,03568832	-0,05069959	-0,06157572	-0,04185339	-0,03447315
0,02158946	-0,02738415	-0,00405625	-0,02727960	-0,04297396	-0,06255407	-0,02884635	-0,03953781
0,01302050	-0,02878718	-0,01737561	-0,02956344	-0,04478912	-0,05455896	-0,04742100	-0,01957378
-0,00904561	-0,03238634	-0,02047296	-0,02367638	-0,04463058	-0,06981263	-0,03753624	-0,02360122
-0,00289179	-0,03303800	-0,03257062	-0,03355313	-0,03471705	-0,06789683	-0,04594870	-0,03346508
0,02940821	-0,03289238	-0,02645067	-0,02272520	-0,04316806	-0,09282408	-0,05829124	-0,00758906
0,01785038	-0,03128712	-0,02970800	-0,02187092	-0,05761633	-0,08998683	-0,05744131	-0,03161096
0,02715644	-0,02746800	-0,03376921	-0,04030294	-0,05038061	-0,08479580	-0,03715735	-0,02966268
0,02573695	-0,03647936	-0,01921181	-0,03688137	-0,03443261	-0,09981438	-0,05560963	-0,01830324
0,04202837	-0,02310511	-0,03537816	-0,02987925	-0,05038441	-0,10267810	-0,02493815	-0,01399937
0,03494600	-0,03751538	-0,02387916	-0,02804078	-0,03607691	-0,10711312	-0,03498956	-0,02230964
0,05527831	-0,03405661	-0,00593877	-0,02406073	-0,03788548	-0,07490158	-0,06104139	-0,02042275
0,05748842	-0,05638227	-0,02243566	-0,04005545	-0,03989729	-0,09161756	-0,03962961	-0,01295657
0,05683924	-0,05352189	-0,04036626	-0,02707434	-0,04243380	-0,09767696	-0,03832622	-0,00680906
0,03863650	-0,05851379	-0,02710377	-0,04966613	-0,04156980	-0,09473864	-0,03946682	-0,00245671
0,04689455	-0,04948973	-0,03242671	-0,02387287	-0,03802061	-0,08247511	-0,02628408	0,00155078
0,04599251	-0,04905612	-0,03535101	-0,02880075	-0,01640425	-0,08793517	-0,01603651	0,01140127
0,03634601	-0,03997582	-0,02615984	-0,02936167	-0,01708254	-0,07966835	-0,02910180	0,00905041
0,02576003	-0,05244812	-0,02842242	-0,02382902	-0,00549040	-0,07148938	-0,03382182	-0,00781979
0,04326359	-0,03548145	-0,04079272	-0,03703555	-0,02562645	-0,05382839	-0,01584927	0,00544011
0,04047394	-0,03299029	-0,02503229	-0,00070497	-0,02852054	-0,05511136	-0,03554849	0,00983981
0,02564338	-0,03954366	-0,01464221	-0,01899745	-0,00327344	-0,03419830	-0,01068149	0,01810961
0,03820437	-0,03410491	-0,02308754	-0,01468890	-0,01054166	-0,03932641	-0,02211146	0,03658426
0,03926349	-0,05427057	-0,03680830	-0,01001820	-0,02205814	-0,04206808	-0,02920226	0,01412973
0,02297321	-0,05279245	-0,02457677	-0,02492974	-0,03267024	-0,05256518	0,00503925	0,03842345
0,03891152	-0,03373852	-0,00359821	-0,01946274	-0,02995831	-0,03818978	-0,01795667	0,02709845
0,02970376	-0,05056328	-0,03489444	0,00416532	0,00064078	-0,02651737	-0,00383133	0,02220910
0,02908795	-0,06425583	-0,01165464	-0,01123327	-0,00321053	-0,01339197	-0,01098172	0,05197665
0,03921943	-0,03880354	-0,01080095	-0,03507415	0,00421390	-0,03612586	0,00066369	0,00243447
0,01622831	-0,02220946	-0,01870185	-0,01811222	-0,00695052	-0,01733189	-0,00368654	0,03664296
0,01209089	-0,02770536	-0,01075073	-0,01837924	-0,00532872	-0,01221443	-0,00770259	0,04060455
0,00122121	-0,02376779	-0,02076776	-0,00510412	-0,01048031	-0,02576961	-0,00993901	0,01133486
0,01814644	-0,01912575	-0,00963500	-0,01588118	-0,00285634	0,00955451	-0,00307575	0,00443061
-0,00991452	-0,03226783	-0,01286906	-0,01057636	-0,02013172	-0,02243869	0,00015852	0,03260326
-0,00323071	-0,02435484	-0,02013103	0,00130852	-0,00256808	-0,00133346	-0,00453505	0,03368510
0,00273156	-0,00540922	-0,02065055	-0,02724631	-0,00578106	-0,01071559	0,00038993	0,02903534
0,00063384	-0,00094968	-0,00676016	-0,04263515	-0,01066514	-0,00038287	0,00075035	0,04923634
-0,00141747	0,00381218	-0,02073980	-0,00915421	-0,01292264	-0,01492005	-0,00092013	0,03776764
-0,00170970	0,01181437	-0,01312471	-0,01617622	0,01059691	0,00837875	-0,01729997	0,03699565
-0,00723157	-0,00641414	-0,00780270	-0,00480283	0,00234530	-0,01231771	-0,00516875	0,04495329
-0,02151707	-0,00414207	-0,03089472	-0,01298705	0,00960420	-0,00254888	-0,00191980	0,04046031
0,00509988	-0,02866740	-0,03094292	-0,01033634	0,00285049	0,02008548	0,00578060	0,02335147
-0,00570755	-0,03809921	-0,02051207	-0,01969342	-0,01001759	-0,00674902	0,00468429	0,05095148
-0,00046819	0,00265732	-0,00790694	-0,00198560	0,00300671	-0,01076915	0,00899867	0,04811069
-0,03836860	-0,02176551	-0,02896742	-0,00122601	-0,00177447	0,01331467	0,00326965	0,04156231
-0,02420060	-0,00049107	-0,01061039	-0,00811469	0,01252265	0,01476192	0,00361607	0,04500532
-0,01761632	0,00628981	-0,01434905	0,00840593	-0,00718450	0,00713017	0,00970466	0,05892651
-0,02332419	-0,02395193	-0,01179868	0,00681305	0,00893589	-0,01266193	0,01933036	0,04814412
-0,03516750	-0,00818307	-0,01036941	-0,02375681	-0,01282770	0,00138168	0,00868220	0,04986299
-0,03199198	-0,00131927	-0,02844959	-0,00364933	-0,00955106	0,00088117	-0,00638804	0,05465524
-0,03514132	0,01224179	-0,01847223	-0,02006827	-0,00148307	-0,01989626	0,00698953	0,04892549
-0,02480102	-0,00506887	-0,03085170	-0,02908578	-0,01750674	-0,00730300	-0,01410328	0,06830404
-0,03032215	0,01609011	0,00212229	0,00294867	0,00670054	0,01924632	0,01381633	0,06240361
-0,03206262	0,01119496	-0,01473018	-0,01205420	0,00482360	0,00310647	0,02256050	0,05658396
-0,01843889	0,02156158	-0,00760668	0,00090805	0,00188262	0,01507673	0,02536134	0,04337261
-0,02792589	0,03450972	-0,02049209	-0,00664583	0,01757291	0,01342311	0,01382000	0,05575651
-0,03644813	0,03429186	-0,00624864	-0,01019519	-0,00574225	0,03082769	0,03233255	0,06477137
-0,01674403	0,05623321	-0,01711110	-0,00986856	0,01637877	0,00002638	-0,00376530	0,04936531
-0,01320695	0,03493563	-0,00562814	0,00889648	-0,00415410	0,00836909	0,02637499	0,05208501
-0,02149846	0,02046069	-0,03610126	-0,00513060	0,01227357	0,02202964	0,01926078	0,03740802
-0,00940863	0,05928149	-0,00629667	-0,00123932	0,00499571	0,00283033	0,02349812	0,02691099
-0,03349625	0,04538008	-0,01507313	0,00722752	-0,01667402	0,02232863	0,01926182	0,03223708
-0,01804247	0,05979610	0,00517650	-0,00165749	-0,00208997	-0,00353452	-0,00275911	0,04638811
-0,01506772	0,05323996	-0,01115281	0,00751428	-0,00966068	0,00935087	0,03255618	0,04245704
-0,00956685	0,06650177	0,02052499	0,00180234	-0,00982552	0,03205540	0,00552347	0,04202493
-0,01498641	0,05142049	0,00415102	0,00792595	0,01789237	0,03110189	0,01902373	0,04146584
-0,01716984	0,03178990	0,00015101	-0,00971426	0,00297624	0,01316695	0,00511804	0,02420203
-0,01674723	0,04046287	0,01781391	0,01484269	0,00079633	0,00343871	0,01711583	0,04732579
0,01069702	0,03118709	0,01125409	0,00164893	-0,00517689	0,00764229	0,01397697	0,03603197
-0,00445294	0,04341183	0,01484629	0,01285513	0,00308890	0,01830472	0,01645261	0,01194108
-0,01092800	0,06157237	0,03797747	0,01718866	0,01308737	-0,00071515	0,00976760	0,03889569
-0,00768231	0,06238064	0,02225491	0,00942957	0,00982414	0,01958007	0,00506800	0,00942380
-0,00490673	0,03649930	0,01764181	0,00653808	0,00930329	0,00717048	0,01440774	0,01778795
0,00717672	0,02948923	0,03890618	0,01304343	0,01401852	0,00884958	0,02877335	0,02097595
-0,01459175	0,05673988	0,03991984	0,02029073	-0,01996535	-0,00075321	0,02892391	0,02456755
0,01439473	0,04672153	0,03017859	0,02118206	-0,00765317	0,01316214	0,01819067	0,00525228
0,00544035	0,03632795	0,04628261	0,01848277	-0,00005765	0,00573985	0,02045846	0,02332764
-0,00818572	0,02842861	0,02554628	-0,00210706	0,02650566	0,01093065	0,01594088	0,01828258
-0,00645411	0,04612523	0,02580181	0,01955113	-0,01613149	0,02504193	0,02912522	0,01432440
0,00743483	0,04865229	0,02761048	-0,00531654	-0,00895710	0,02285151	0,01321654	0,02430837
0,02492172	0,03917430	0,06003713	0,01466818	0,00672584	0,01702929	0,02427469	0,01794300
-0,01154156	0,02190901	0,02494530	0,03131039	-0,02514894	0,02002412	0,01926451	0,01437244
-0,00429238	0,04655200	0,01199758	0,01199964	0,00894973	0,02326955	0,02613031	0,00787740
0,00459077	0,02284339	0,02870859	0,02204707	0,02713075	-0,00427144	0,00227467	0,02268747
0,00557093	0,01804212	0,01953541	0,03605878	-0,00952893	0,00591261	0,01503527	0,02034243
-0,00139709	0,02040114	0,01489361	0,01594489	0,00502536	0,00866391	0,04059745	0,01938756
-0,01087255	0,01730462	0,02619266	0,01246439	-0,01298904	0,02592718	0,02884857	0,00842612
-0,01878457	0,02786530	-0,00212677	0,00901083	0,00938813	0,01155221	0,01282200	0,01820441
-0,02234766	0,02013102	0,01373357	0,00714372	-0,01532780	-0,00409336	0,01214510	0,00486588
-0,01286375	0,04907793	0,00786813	0,01879296	0,00391556	0,00630949	0,02369098	0,03171281
-0,00967986	0,03836778	-0,00172115	0,02247344	0,01790394	0,00518350	0,01768899	0,01062981
-0,01950548	0,02934826	0,01813465	0,01839856	-0,02355471	0,00623802	0,01551402	0,01420433
-0,01354976	0,01280663	0,00466827	0,01320037	-0,01743638	0,01273111	0,02996112	0,03125415
-0,03086841	0,01826169	-0,00772902	0,02495417	0,01078077	0,00589459	0,02209946	0,02145449
-0,01726426	0,01117574	0,00361854	0,00432362	-0,00567310	0,01005892	0,01943722	-0,01204514
-0,01679858	0,00212523	0,00767522	0,01729702	0,01285255	0,00322498	0,00452666	0,01956115
-0,01828191	0,02204542	-0,00313627	0,01652826	0,00142040	0,02433041	0,02395125	0,00058367
-0,02126829	0,00776893	-0,00095389	0,01935041	0,01824532	0,00903945	0,02577717	0,01194186
-0,01029514	0,01200534	0,00782649	0,01460390	0,00637880	-0,01172929	0,00740492	0,00726857
-0,00930453	0,01022178	0,00029594	0,02004332	0,01302264	-0,00394176	0,00110730	0,02854389
-0,00056532	0,00756871	-0,00617959	-0,00516430	-0,02169772	0,00940131	0,01179110	0,00092854
-0,01803389	0,00845498	-0,01205119	0,01483938	0,00269164	0,01397429	0,00037735	0,00030709
-0,00391303	0,02096166	0,00517066	0,03100695	0,01576514	0,01509200	0,00531815	0,00312268
-0,00754254	0,01616686	0,00153738	0,01734276	0,01686470	0,00201571	0,01407104	-0,01499104
0,00130519	-0,00034337	-0,00559689	0,01453476	0,01965858	-0,00284933	0,01259175	0,00488809
-0,01528224	-0,01450620	-0,01023633	0,02753862	0,02489203	0,00005810	-0,00528977	-0,00779551
-0,02646774	-0,00891104	-0,00935282	0,03450217	0,01399251	-0,00027419	-0,00440753	-0,00158654
-0,01790563	0,01320651	-0,00858216	0,04230501	0,03555140	0,00662884	-0,01804685	0,00312724
-0,00180875	-0,01980672	-0,00312211	0,04120288	0,01780028	0,00513796	0,00201297	0,00833716
-0,03261418	0,00308937	0,00492906	0,03619820	0,01202593	0,00575709	0,00594746	0,01038393
-0,01188830	0,01217949	-0,00033307	0,02449255	0,02067500	0,00116843	0,00048401	0,00809806
-0,01455326	-0,00650494	0,01017471	0,03981448	0,00912146	0,00479882	0,00989430	0,00184077
-0,02118089	-0,01078037	0,00430774	0,02954612	0,01960491	-0,00234507	-0,01468829	-0,00759406
0,00227433	0,00433466	0,00470669	0,02507475	0,01854949	-0,00202387	-0,00902714	-0,02664391
-0,04306067	0,01348418	0,01662854	0,04591071	0,02867893	0,00082618	0,00615312	-0,00782132
-0,02333813	-0,00837471	0,01044624	0,01919213	0,01593455	-0,01218165	0,00379354	0,00617388
-0,01978231	-0,00296395	0,00965326	0,03225886	0,02288497	0,00776975	0,00285979	-0,01148334
-0,01584837	-0,00961020	0,00191282	0,03285554	0,01913414	-0,00773220	0,00389477	-0,00791335
-0,01038791	0,02159580	-0,01201089	0,01940443	0,02613099	-0,00876008	-0,00330148	-0,00948353
-0,02709742	0,00898062	0,00471021	0,04246288	0,05338594	-0,01278854	0,00894270	-0,02075644
-0,02843050	-0,00770157	-0,01955307	0,03605453	0,04602025	-0,00385160	-0,00306460	-0,01048024
-0,01935139	-0,01078419	-0,00532410	0,03868017	0,05079256	-0,01935643	-0,02615262	-0,00678739
-0,03109295	-0,00085893	0,00795215	0,03261128	0,03119907	-0,02372550	-0,02087234	-0,01080397
-0,00701284	-0,00178514	-0,01005243	0,01089340	0,06668446	-0,01583521	-0,00874287	-0,02558488
-0,01388401	-0,01443528	-0,00775301	0,01385356	0,07711308	-0,00061758	-0,02090989	-0,00195425
-0,01191001	-0,01342682	-0,00723604	0,00155774	0,05050642	-0,00328455	-0,00768613	-0,04172262
-0,01879783	0,00386885	-0,01757636	-0,00092805	0,06035011	-0,00615481	-0,02006599	-0,02694607
-0,01932464	-0,01804734	-0,02936827	0,00962917	0,04185389	-0,01132867	-0,03215882	-0,03562590
-0,02209425	-0,01387152	-0,00800726	-0,00151955	0,05728289	0,00101866	-0,05579939	-0,00301781
-0,02946816	0,00160458	-0,02871130	-0,02737524	0,05458271	-0,02955590	-0,03124721	-0,00951120
-0,05032023	-0,01557215	-0,02300035	-0,02334131	0,06253932	-0,02632515	-0,04182684	-0,05426139
-0,01308869	-0,00927135	-0,04067058	-0,01719682	0,05817088	-0,01806888	-0,05906437	-0,03613590
-0,04248710	0,00143013	-0,02831888	-0,02958494	0,07344812	-0,04209829	-0,07575372	-0,02794854
-0,03299375	-0,00859720	-0,02379581	-0,03827878	0,06897765	-0,03524484	-0,05221196	-0,02688614
-0,02131057	-0,01653254	-0,03424720	-0,03105042	0,06500403	-0,03506227	-0,06084506	-0,03410066
-0,00459313	-0,03503759	-0,03207277	-0,03845840	0,03498069	-0,03639785	-0,06742558	-0,04076593
-0,03550686	-0,01821018	-0,02926301	-0,05076387	0,04681742	-0,04664550	-0,07357313	-0,02373280
-0,01970638	-0,00732905	-0,02841767	-0,03126553	0,04735950	-0,04243189	-0,07557983	-0,02665827
-0,01930953	-0,00005761	-0,02816003	-0,01956383	0,03645014	-0,04315857	-0,06096515	-0,04145439
-0,01007071	-0,02087277	-0,01975211	-0,02389969	0,02929994	-0,03555182	-0,05465935	-0,03447357
-0,00553516	-0,01377546	-0,03918713	-0,02390767	0,03088819	-0,06534028	-0,06276513	-0,03079720
-0,01387071	-0,02709887	-0,01012377	-0,03094925	0,01723401	-0,02995015	-0,05334285	-0,02879912
-0,00637210	-0,00795948	-0,02030910	-0,02376690	0,01495715	-0,02450788	-0,04866519	-0,02500668
-0,01299777	-0,01459103	-0,02135293	-0,02501005	0,02269768	-0,03805571	-0,03672333	-0,02518465
-0,00754606	-0,01146612	-0,00558913	-0,02071407	0,00597344	-0,05336276	-0,04807493	-0,03645426
-0,04078838	-0,00681963	-0,03235658	-0,02713009	0,00692069	-0,04181140	-0,04408191	-0,01973969
-0,00666660	-0,01994124	0,00095121	-0,02223987	0,00684415	-0,03090341	-0,02589747	-0,01680820
-0,00487514	-0,01155740	-0,03587155	-0,02765811	0,01609496	-0,02783780	-0,03679441	-0,03126262
-0,01143176	-0,01356131	-0,01565707	-0,00021810	-0,01244667	-0,03910120	-0,02950996	-0,01136170
-0,00837088	-0,01253121	-0,00917656	-0,02301645	0,01719901	-0,02668153	-0,02675603	-0,02930256
-0,01034846	0,00286522	-0,00366737	-0,00506679	0,00262436	-0,02617628	-0,03575155	-0,01472098
-0,01428249	-0,01782238	-0,03051963	-0,01229461	-0,00962489	-0,02908493	-0,03444312	-0,00070574
0,00221935	-0,00795853	-0,01638096	-0,01218764	-0,01069490	-0,03777852	-0,03612440	-0,01310538
-0,02209312	-0,01402870	-0,01843832	-0,02052171	0,00746595	-0,02615930	-0,05454103	-0,02487340
-0,01580445	-0,00448034	-0,01865564	-0,00836421	-0,01109988	-0,04684965	-0,02247814	-0,02756030
0,00067320	-0,02510470	-0,01561497	-0,01011477	-0,00499111	-0,03874938	-0,03421050	-0,01674248
0,00554796	-0,01238383	-0,01378895	0,00481060	-0,00488937	-0,04782685	-0,04407250	-0,00847419
0,00541993	-0,04079253	-0,02869624	-0,02366091	-0,00015363	-0,03847902	-0,02968373	-0,03074340
-0,00356554	-0,00936833	-0,01021786	-0,01896610	-0,00390682	-0,04538773	-0,01976560	0,00471973
-0,02182902	-0,01273288	-0,02521643	-0,02547003	-0,00757973	-0,03290892	-0,03442445	-0,00658521
0,00814729	-0,00393782	-0,02089914	-0,02248030	-0,01041183	-0,03028631	-0,03746523	-0,01139398
0,00172902	-0,02024989	-0,01264072	-0,01213357	-0,03493312	-0,02003908	-0,02517894	-0,03091991
0,00660557	-0,02063201	-0,02020693	-0,01993704	0,00167330	-0,02511417	-0,04102743	-0,00757319
-0,00322204	-0,00694260	-0,01397396	-0,01886033	0,00690448	-0,02743368	-0,01549048	-0,02156776
-0,01458532	-0,00564561	-0,01625080	-0,00746937	-0,00527278	-0,03557495	-0,01615075	-0,00477576
0,01299093	-0,01769190	-0,00650695	-0,01733272	-0,01946063	-0,02884209	-0,01675195	0,00403977
0,00007728	-0,01931617	0,00121393	-0,00803928	-0,03018210	-0,02976629	-0,03320811	-0,00844085
0,01536310	-0,00747038	-0,02878028	-0,01518016	-0,02134742	-0,01997189	-0,03391126	-0,02485454
-0,00615268	-0,01657669	-0,02337356	-0,02587906	-0,01509446	-0,02045291	-0,03576419	-0,01279460
0,00447204	-0,00922156	-0,01587667	-0,01752502	-0,00981529	-0,01631033	-0,03011158	-0,02499515
0,00871756	-0,00701269	-0,01618176	-0,01517872	-0,01113346	-0,04144218	-0,00582717	0,00231246
-0,00910322	-0,01836154	-0,02032548	-0,01205103	-0,03134138	-0,03755663	-0,04092628	-0,01520724
-0,00587839	-0,01559031	-0,03710480	-0,00253319	-0,01372796	-0,03903070	-0,01830669	0,00606531
0,01784258	-0,03702408	0,01183833	-0,00571446	-0,02311272	-0,04442197	-0,04082644	-0,00173128
-0,00127604	-0,02159013	-0,02159241	-0,02443378	-0,01931032	-0,03127133	-0,01763420	-0,00948984
0,00446787	-0,03054787	-0,02845258	-0,02181439	-0,04248735	-0,01436997	-0,04343526	-0,02117896
-0,00520623	-0,03091033	-0,01180010	-0,02596349	-0,01715550	-0,04148870	-0,02492189	-0,00831197
0,01957601	-0,02728232	-0,01013426	-0,02263765	-0,02364651	-0,03836122	-0,03754133	-0,00162232
-0,00173748	-0,00252415	-0,01994382	-0,02928844	-0,01599164	-0,03600949	-0,03774947	-0,01062091
0,00927654	-0,00425728	-0,02691575	-0,02622939	-0,01086831	-0,03417303	-0,02724126	-0,01087777
0,00302461	-0,02888887	-0,00145023	-0,02471793	-0,01927337	-0,03981425	-0,02703027	-0,00843190
-0,01743074	-0,02510199	-0,01798826	-0,02523786	-0,03135128	-0,04440552	-0,02305113	-0,01352375
0,01835037	-0,02011025	-0,01898983	-0,02972983	-0,02157971	-0,04368363	-0,00648049	-0,00464020
0,00047225	-0,01602981	-0,01759014	-0,00501980	-0,02245065	-0,02961364	-0,02237809	0,01355714
0,00182573	-0,02380098	-0,04764993	-0,02365836	-0,00843280	-0,01665563	-0,03737606	0,00410857
0,00355840	-0,00174300	-0,00716537	-0,02202429	-0,00645391	-0,02538547	-0,00465374	0,00317179
-0,00217837	-0,01585347	-0,00809358	-0,02992431	-0,04559019	-0,01993056	-0,04683421	-0,00479949
-0,00174346	-0,01257030	-0,01973014	-0,01821587	-0,01929524	-0,02822979	-0,01291914	0,00891246
-0,00025235	-0,01989470	-0,01263419	-0,02304733	-0,02304046	-0,02680079	-0,01932274	0,01419529
-0,00188632	-0,03183120	-0,00485469	-0,02263080	-0,02349734	-0,01644781	-0,02766798	0,00329641
0,00548688	-0,01626736	-0,02121858	-0,02099902	-0,02684972	-0,02289701	-0,02777198	0,00858947
0,01835718	-0,02862256	-0,02631584	-0,02165655	-0,01575460	-0,02585864	-0,00415096	0,01086531
0,00808488	-0,01216424	-0,01022116	-0,01722814	-0,01117124	-0,02735250	-0,01481893	-0,00172184
0,00826790	-0,00341109	-0,01912296	-0,02080736	-0,00624702	-0,03039247	-0,01679774	0,02173842
-0,00436913	-0,02442481	-0,01181784	-0,02192240	-0,00728155	-0,01518965	-0,02591019	0,00746379
-0,00170739	-0,02235121	0,00129048	-0,01295963	0,00138069	-0,02468926	-0,03958975	-0,00033201
0,01289651	-0,02121981	-0,03120373	-0,00657506	-0,02524977	-0,01435979	-0,00752245	0,00322718
0,00875170	-0,01390302	-0,02105915	-0,02687849	0,01144684	-0,03375912	0,00694189	0,02282777
0,01566593	-0,02216808	-0,00293535	0,00776670	-0,01452495	-0,00843990	0,00089930	0,00186984
-0,00111382	-0,01159737	-0,01439055	-0,01054607	-0,00737965	-0,01236855	0,00600796	0,02312199
0,01188768	-0,03009316	-0,03224068	-0,01032495	-0,00242982	-0,00834893	-0,00949157	0,01995162
0,00513608	-0,01976030	-0,02434026	-0,01791242	-0,00139698	0,00390231	-0,00869928	0,00136680
-0,00986430	-0,00836371	-0,01094740	-0,02049751	-0,00391169	-0,00446223	-0,00678170	0,00478006
0,01519625	-0,00235273	-0,00103232	-0,01818143	-0,00814096	-0,01449692	-0,01203797	0,01023227
-0,00451287	-0,00102279	-0,00079387	-0,01058312	-0,00806450	-0,01012088	-0,00351713	0,00363084
-0,00619492	-0,00944318	-0,01637251	-0,00765966	0,01068101	-0,01611427	0,00193783	0,00315530
0,00579084	0,00065645	-0,00984713	-0,00621973	-0,00081572	-0,01782584	-0,00074301	0,01604607
-0,00185693	-0,00697282	-0,00064785	-0,01900912	-0,00205842	0,00533754	-0,02368694	0,01385819
-0,01510044	0,00792891	-0,01705383	-0,00112399	-0,00328080	-0,00826142	-0,01138004	0,02503501
-0,00563641	-0,01021291	-0,00665454	-0,00008955	-0,00672846	0,00158179	0,01647684	0,02619777
-0,00243819	-0,02033006	-0,01762685	-0,00500797	-0,01722945	-0,02199132	-0,01705561	0,02640389
0,00960223	-0,00947489	-0,01618899	-0,01347274	-0,00013745	0,00777119	0,00309487	0,01269494
-0,00877077	-0,00066636	0,00554758	0,01279726	0,01101512	-0,00067092	-0,00484799	0,03012048
-0,00137989	-0,01129699	-0,03153894	-0,00879351	-0,01960754	-0,00802629	-0,00013626	0,01969493
-0,01461617	0,00463746	-0,01864447	-0,01229238	0,00536623	-0,00651818	-0,02593653	0,02664098
-0,00938817	-0,00591466	-0,02757365	-0,01731045	-0,00874896	-0,00251853	0,01817786	0,01077071
-0,01995626	0,00937662	-0,01661373	-0,00391106	0,00893583	-0,00251915	-0,00096682	0,01714054
-0,00863993	-0,01245004	-0,00556245	-0,03160335	-0,01332204	0,01368711	-0,00329486	0,01705582
-0,00401073	0,00575350	-0,02631475	-0,00314134	0,00929455	-0,00428887	0,00519017	0,03621080
-0,00916088	-0,00291295	-0,00784758	-0,01917656	-0,00980238	0,00502253	0,01617142	0,03541653
-0,00476785	-0,01038607	-0,01223441	-0,00873548	0,00478939	0,02604093	0,00812228	0,03464669
-0,02397287	-0,00944627	-0,02084287	-0,01258203	0,00866599	0,01258799	-0,00271196	0,02259435
-0,01392007	-0,00180973	-0,01634395	-0,03323293	-0,01654209	-0,00001241	0,00797150	0,03047005
-0,00931928	0,00426800	-0,01340849	-0,00208679	-0,01781508	0,00841190	-0,01062893	0,02865537
-0,00686620	-0,00110397	-0,00992942	0,00977409	-0,00072995	0,00591733	-0,00613399	0,01435027
-0,00156836	0,00686728	-0,01765720	-0,01776099	0,00802465	0,00625079	0,00172819	0,02419191
-0,02956361	0,00761025	-0,00904966	0,01669125	0,01311299	-0,00601016	0,00014641	0,03334528
-0,01010521	0,01128205	-0,01915773	-0,01336545	-0,00430645	0,01013032	-0,00148403	0,03166587
-0,01690047	0,00314066	-0,00072445	-0,00919131	0,01828679	0,01146272	0,01133162	0,02446982
-0,02826611	0,00642741	-0,01435259	-0,00027319	-0,00283384	0,00054246	0,01993925	0,03011655
-0,01104152	0,00927292	-0,00881773	0,00151027	-0,00125996	0,00261497	-0,00041573	0,03555042
-0,01619886	0,01340626	0,00845763	0,00471998	0,00730362	0,01195425	0,00680170	0,01970162
-0,00536691	0,00686441	-0,00267061	0,00082596	-0,01166872	-0,00488357	0,00657184	0,00730588
0,00430662	0,01563784	-0,01585785	0,00365556	0,00012981	0,01111437	0,01251652	0,00871632
-0,03220888	0,00998598	0,00119788	-0,01512533	-0,00970278	-0,00322089	0,00543685	0,01347121
-0,00735391	0,02567799	-0,01624707	0,01584517	-0,00718459	-0,00183477	0,00431535	0,00669001
-0,00302329	0,01175826	0,01765599	0,00687497	0,01091912	-0,00710101	0,02288651	0,01228449
-0,00361190	0,00671312	0,00414712	-0,01490890	0,02388160	0,00335527	-0,00277587	0,00689967
-0,00864621	0,01402861	0,00723396	0,00026802	-0,00261818	0,01582335	-0,01068475	-0,00240018
-0,01529853	0,01275809	0,01237280	0,00215457	0,00881514	-0,01049047	0,02390919	0,01281326
-0,00390586	0,00331826	0,00895513	-0,00174698	0,01619515	0,01105441	0,00736120	0,00062389
-0,00142557	0,02002663	0,02741608	0,00311700	-0,01219168	-0,01290991	0,01636971	0,02679498
0,00121193	0,03250768	0,00060170	0,00367386	0,00364458	0,00623044	0,02048260	0,02744265
0,00127316	0,00169014	0,00653868	0,02509153	0,01485806	-0,00227947	0,00909299	-0,00895262
-0,01740833	0,02616281	0,01478244	0,02185032	-0,01624075	-0,01901172	0,03640630	0,00752451
-0,00089094	0,02825027	0,01397819	0,00025119	-0,00163477	0,00530533	0,01924425	0,02292801
-0,00156624	0,01899075	0,02234477	0,00218960	-0,00505563	0,01085011	-0,00408427	0,00795880
-0,00465625	0,02865212	0,01306422	0,00900909	0,00519523	0,01515445	0,00212362	-0,00042603
-0,02018190	0,01885642	0,02922027	0,02609000	-0,00292917	0,00568601	-0,00616425	0,00183275
-0,02397595	0,00851796	-0,01202518	0,00659764	-0,01865037	0,02258429	0,02266371	0,02231678
-0,00915904	0,00613760	0,00518874	0,01926905	-0,00871377	0,02255386	0,01804582	0,01932538
-0,01623301	0,00141792	0,01346251	0,00936485	-0,00417578	0,00603406	0,01520780	0,00545724
-0,00996686	0,00819265	0,00428409	0,01189781	0,00432790	0,01410823	0,01092987	0,01331024
-0,01736443	-0,00007151	0,01811152	-0,00283257	-0,00256124	-0,00009322	0,01187580	0,01744633
-0,01286514	0,02535400	-0,00533368	-0,00782749	0,01458523	0,00144840	0,00524796	0,01136658
-0,02872740	0,01777459	0,00393602	-0,00006980	0,01535592	0,00891535	0,02048980	0,02657949
-0,02015913	0,01263989	0,00948591	0,00045567	0,00883793	-0,00009659	0,00692274	0,01446092
-0,00287228	0,01187848	-0,00284871	-0,00086020	0,01328011	-0,01026933	0,01662300	0,00799267
-0,01956721	0,02623482	0,00915524	0,02330510	0,01750904	0,00830994	0,01766851	0,00960397
-0,02078870	-0,00280732	0,00463811	0,01611624	0,00343674	-0,00883621	-0,00336975	0,00565517
-0,00247203	0,01359717	-0,00367493	-0,00292852	0,00990234	0,02712885	-0,00842855	0,00741126
-0,00722984	0,01481610	-0,00595915	0,01230981	0,00503524	0,00682723	0,02701002	0,00725397
0,00104968	0,02023194	0,01029353	-0,00181013	0,00855926	0,00504561	-0,00313253	0,02838457
-0,00890216	0,01653145	-0,01156883	0,00327117	0,01117764	0,01278882	-0,00823208	0,01394692
0,00887430	-0,00485888	-0,01709424	-0,00292121	-0,00465476	-0,00377643	0,00197079	-0,02412811
-0,00001145	0,02052188	-0,00494545	0,00519682	0,00312102	-0,01143851	-0,01501876	0,00566875
-0,00526356	-0,00283065	-0,00476700	-0,00113571	-0,00768865	0,00024812	0,00015717	0,01975912
-0,01958799	-0,00254192	-0,01385768	-0,02085374	0,00171819	0,01470477	-0,01111277	0,00478334
0,00503325	-0,02034287	-0,01051367	0,00679456	0,00110393	0,00996731	-0,00710550	-0,00089105
-0,01821276	-0,01792413	-0,00550744	0,00968867	0,00227000	-0,00115536	0,00533754	0,00950753
-0,01477125	-0,00133507	-0,00555667	0,01047572	0,03025989	-0,00614487	0,00965718	-0,00568611
-0,01479431	-0,00389684	-0,01572835	0,00237083	0,00982289	0,01274377	-0,00927116	0,01680698
-0,02409551	-0,00089851	-0,00841502	0,01250998	0,02370569	-0,01687978	-0,00369791	0,01170211
-0,00722281	0,00613154	-0,00205220	0,00833529	0,02059021	0,00357591	0,01340719	-0,00170934
-0,02240457	0,01363130	-0,00875068	0,00343431	0,01703006	-0,00760088	-0,00908995	0,00051632
-0,00984162	0,00517756	0,00774341	0,00926665	0,01262290	-0,00520011	0,00016359	0,02749179
-0,01116832	-0,01117091	-0,02649065	0,01324306	0,00821732	0,01113402	-0,01538469	0,00474060
-0,01747040	0,00188027	-0,00649128	0,00762825	0,00901120	0,00736406	0,00544803	0,00548922
-0,01018330	0,01731690	-0,00866886	0,00293627	0,02500365	-0,00391646	-0,00970607	-0,00762345
-0,01439267	0,00528317	-0,01464839	0,00728295	-0,00847033	-0,01054508	-0,01984853	-0,00026419
-0,01711218	-0,00844343	0,00365636	0,01240746	0,01693724	-0,00536356	-0,00333705	-0,01730503
-0,01995179	0,00436029	-0,00077047	0,00327763	0,00062778	0,00140370	-0,01253086	-0,01671026
-0,00171764	-0,00530659	0,00100425	0,01210169	0,04394193	-0,00325390	-0,01527324	0,00899903
-0,00835860	0,01402648	-0,01820127	-0,00105277	0,02931878	-0,00298139	-0,00640645	0,01397421
0,00677356	0,00142767	-0,00267165	0,01018203	0,02495286	-0,00925303	-0,00192644	-0,02109495
0,00995781	-0,00821357	-0,02381898	-0,00615265	0,02143130	-0,00268356	-0,01319538	-0,01060491
-0,01482627	-0,00086422	-0,00210748	-0,00272851	0,01856804	0,00630110	0,00244462	0,00576087
-0,00748237	0,01248114	0,00591773	-0,00206727	0,01670141	0,00876805	0,01006098	0,00650369
0,00210838	0,00245738	-0,00399984	0,00385641	0,01919850	-0,01670550	-0,01848332	-0,00319310
-0,00031317	0,00553115	-0,00575370	0,00908510	0,00918684	-0,02201913	-0,01829917	-0,00859807
-0,00216925	0,00478363	-0,01442629	0,01449901	0,00155860	-0,00798283	-0,01269449	-0,00129525
-0,01409577	-0,00547001	0,00085832	-0,00244695	0,00786100	-0,00479813	-0,02797996	-0,00309502
-0,01701436	-0,00818299	-0,00616685	-0,00300083	0,02617343	-0,01322531	-0,01644751	-0,02306283
0,00800703	0,00395730	0,00442661	0,01182244	0,01089372	-0,00630499	-0,02920007	-0,02888497
-0,00157748	0,00065801	0,00352222	-0,00424826	0,01643188	-0,00757986	-0,02250206	0,00138027
-0,00848504	-0,01938686	0,00416758	-0,00912786	0,02812420	-0,01668500	-0,02024416	-0,02617411
-0,00457008	0,00256107	-0,01095440	-0,00205463	0,02225988	-0,00811427	-0,02596208	-0,01191578
-0,02737229	-0,00175494	-0,01910104	-0,01059606	0,02208088	-0,01386925	-0,01737894	-0,01905156
-0,01331381	0,00130283	0,00583414	0,01012283	0,02891709	-0,03449241	-0,03218829	-0,02053200
-0,01949674	-0,00115168	-0,02493106	-0,00530430	0,02938475	-0,01086249	-0,01189551	-0,01710397
-0,01070408	0,00025060	-0,01684132	-0,00435216	0,02469314	-0,02166740	-0,03857271	-0,01854368
-0,03964133	0,00187763	-0,03018637	-0,00361096	0,00548965	-0,02983998	-0,01599488	-0,01638827
-0,01391317	-0,00476151	-0,01939433	-0,02899193	0,01125677	-0,01791247	-0,02162390	-0,02043549
-0,00199190	-0,04116818	-0,02799562	-0,01510190	0,00508800	-0,00898065	-0,03867900	-0,00873819
-0,02291082	-0,01210982	-0,02246443	-0,01036792	0,02830514	-0,03475119	-0,05332453	-0,03115988
-0,02806428	-0,01691906	-0,01610348	-0,03192166	0,01146582	-0,02812290	-0,04950398	0,00149981
-0,00256601	-0,03219908	-0,00799488	-0,01100834	0,01674531	-0,03489168	-0,04672763	-0,01798217
-0,00227793	0,00297065	-0,01738107	-0,01922508	0,01356678	-0,02535933	-0,01843664	0,01618250
-0,00901210	-0,02010698	0,00114443	-0,01563712	0,02294927	-0,02710646	-0,02779359	-0,02327627
-0,01144750	-0,00381265	-0,00689690	-0,01040937	0,00113592	-0,01556323	-0,01860988	-0,02169974
-0,01173362	0,00471944	-0,02391264	-0,00942880	0,00857921	-0,00492402	-0,03255295	-0,00464548
-0,01159731	0,00331967	-0,02589056	-0,00078930	-0,01033293	-0,01342094	-0,03673399	-0,01018058
-0,02428445	-0,00332617	-0,00289367	-0,01351652	0,00806279	-0,02464411	-0,00370646	-0,01574035
-0,01584251	-0,00734015	-0,02170221	-0,00604111	0,00105000	-0,02490549	-0,01601106	-0,00519055
0,00549702	-0,01759737	-0,01409848	-0,00204891	-0,00082333	-0,02844033	-0,04331956	0,00117377
-0,00335551	-0,01121727	-0,00804279	-0,00721882	0,00239473	-0,02235117	-0,02665497	-0,01134843
-0,00338221	-0,01806474	-0,01879888	-0,01817531	0,01549784	-0,00199517	-0,02385680	-0,01118818
-0,02244128	-0,00491320	-0,01453978	-0,00509570	0,00771724	0,00185413	-0,00819823	-0,00653130
-0,00346780	-0,01738380	-0,00117896	-0,00269881	-0,00839838	-0,03102653	-0,03887422	-0,01316034
-0,01104825	-0,00909932	-0,00656645	-0,00566674	0,01498376	-0,01332956	-0,01778966	-0,00791565
-0,03510962	-0,00817523	-0,00403324	-0,01543329	0,00776726	-0,01228179	-0,01986716	-0,00246900
-0,00218473	-0,02706111	-0,01375150	0,00372431	0,00167926	0,01105847	-0,00566289	-0,00140577
0,00493853	-0,00618530	-0,01719771	-0,00640385	-0,00153792	-0,00847254	-0,03119696	0,01296917
-0,01182189	-0,00736230	-0,01545162	-0,00520034	0,00255388	-0,00666785	-0,02366749	0,02444245
-0,02263490	-0,00502230	-0,00989293	-0,00103482	0,00095916	-0,02503102	-0,01496451	-0,01552136
-0,00275177	0,00267724	-0,02483439	0,00265593	-0,00579776	-0,02217959	-0,02278620	-0,01579824
0,00155399	-0,00690423	-0,00398353	-0,01364101	-0,00012004	-0,01191278	-0,02846025	-0,01881779
0,00797210	-0,01298693	-0,00624236	-0,00408323	-0,00057392	-0,02019436	-0,01821089	-0,02279286
-0,01389309	-0,02613910	-0,01634537	-0,01351203	0,00397449	-0,00493524	-0,01782219	0,00219312
-0,01464466	-0,01969295	0,01204311	-0,01332097	-0,01487233	-0,01459503	-0,00498535	-0,00490980
0,00918356	-0,00968198	-0,00473386	-0,00628003	0,01601143	0,00044263	-0,03833256	0,01033063
0,01102084	-0,02256353	-0,01339075	-0,01924216	-0,00783394	-0,02907824	-0,01947680	-0,00721097
-0,00351749	-0,00796442	-0,00179647	-0,01353833	-0,00936602	-0,03326185	-0,01886278	-0,01061842
-0,00773019	-0,01396986	-0,03242529	-0,01280024	0,00283112	-0,00160914	-0,01436976	-0,00595041
0,00346072	-0,02218752	-0,01915157	-0,01022963	-0,01662827	-0,00582095	-0,00917266	0,00753635
0,00448307	-0,01194211	-0,01778276	-0,01609090	-0,00799513	-0,02670217	-0,01348916	0,00115470
0,01267500	-0,00118696	-0,02276965	-0,01854168	0,00571547	-0,00779908	-0,02289600	-0,00355076
0,00568807	-0,02036088	-0,01667455	0,00203263	-0,00612017	-0,01588477	-0,00716299	0,00888415
0,01101498	-0,01965055	-0,00585930	-0,00762928	-0,00091323	-0,01391462	0,00724696	0,01236960
0,01357362	-0,01326259	-0,00064891	-0,01416620	0,00030241	-0,01852493	-0,02058639	-0,01047975
0,00732949	-0,01779115	-0,00631896	-0,02476729	0,01044126	-0,01546687	-0,00658861	0,00578379
-0,00400706	-0,01461905	-0,00004142	-0,00905198	0,01376663	-0,01730544	-0,01244129	-0,00510289
-0,01165691	-0,01961323	-0,02327733	-0,01858943	0,00211252	-0,03623394	-0,00963218	0,00611327
0,01493162	-0,00535751	-0,01141324	-0,02020946	0,00546077	-0,00005620	0,00312558	0,00576226
0,00601094	-0,02456254	-0,00403863	-0,02206764	-0,00300510	-0,01772820	-0,02025301	-0,00722927
0,01882103	-0,02001454	-0,02161041	-0,01610564	-0,01401402	-0,03080691	0,00070126	-0,00623252
0,01337054	-0,01399260	-0,00866575	-0,01854822	0,00723612	-0,02585267	-0,01892971	-0,00363095
0,00283306	-0,00918579	0,00015770	-0,01133926	-0,00616193	-0,00169749	-0,00302986	-0,02068074
0,01117752	-0,00346433	-0,01522687	-0,01138829	-0,01000384	-0,01147568	-0,01051786	-0,02002552
-0,00454317	-0,01096867	-0,00751781	0,00118052	0,00425345	-0,02551220	-0,01350935	-0,00125620
0,00504092	0,00355667	0,01565998	-0,01723391	-0,01919526	0,00227566	-0,02366646	-0,03082847
-0,00078590	-0,00367784	-0,00559722	-0,01604428	0,00473666	-0,02550589	-0,01251540	-0,00904442
-0,01643718	-0,00876928	-0,02529107	-0,01462831	0,00505516	-0,00477686	-0,02274006	0,00532681
0,00602020	-0,01302971	-0,01025138	-0,00797501	-0,00323968	-0,01046992	-0,00376642	0,00440641
0,00073219	-0,00912646	-0,02648500	-0,00575432	-0,00259014	-0,02826794	-0,01600975	0,00155797
0,00073198	0,00622016	-0,00723695	-0,02499424	-0,00911806	-0,01688316	-0,02506231	0,00764056
-0,01446720	-0,00789870	-0,01050811	0,00785461	-0,00695989	-0,00799232	-0,00958114	-0,01432588
0,00049383	0,00009479	-0,02895849	0,00434361	-0,02286804	-0,00900589	0,00599385	0,01696879
-0,00486101	-0,00300342	-0,00218045	-0,01538513	-0,02392030	-0,01863509	-0,00672597	0,00227023
0,01213425	-0,02452782	-0,03170608	-0,02332804	-0,01408697	-0,01698468	-0,01688133	0,00925013
0,01194107	-0,02495908	-0,01543774	-0,02419922	-0,00076053	-0,01306017	-0,01219499	0,00550887
-0,00297273	-0,00730075	-0,01139785	-0,01535102	-0,00837176	-0,01520080	-0,01570313	0,01863666
-0,02332924	-0,00870752	-0,02811730	-0,00148835	-0,01524639	-0,00483172	-0,00585760	-0,00514000
0,01041733	-0,01052498	-0,01847189	-0,00585046	0,01690554	-0,02880173	-0,02368309	-0,00125184
-0,01038501	-0,00460479	-0,01679594	-0,02587619	0,00967509	-0,01640462	-0,02097912	0,01608501
-0,01718247	-0,01781417	-0,01350231	-0,02141283	-0,01240498	0,00443867	0,01209280	0,02046148
0,00195222	-0,00034477	0,00689746	-0,00528090	0,00363939	-0,01970196	-0,00800611	0,03097336
-0,01217150	0,00577450	0,00738382	-0,02264655	0,00134436	-0,02576101	0,00725275	0,02738822
0,00306157	0,00467025	-0,00687114	-0,02746763	-0,01567670	-0,00488130	-0,01054423	0,00493882
-0,00753959	-0,00162005	-0,00934134	-0,01948003	-0,01152608	-0,00915001	0,00782658	-0,00066474
0,00001633	-0,00453190	-0,01977815	0,00321963	-0,01079111	-0,02208410	-0,00946228	0,00285475
0,00201148	0,01168749	0,00518564	-0,00233335	-0,00909402	-0,00291387	-0,00138392	-0,00287954
0,00310197	-0,00932141	-0,00804729	0,00378228	0,00252749	-0,01733852	-0,01709100	-0,00238458
-0,01331121	-0,02196973	0,00365269	-0,01870325	0,01294845	-0,01422915	-0,01151726	0,00396898
0,01412944	-0,01560902	-0,01376916	-0,02321491	-0,00097417	-0,01005047	-0,00366166	0,00288267
0,00895701	-0,00939596	-0,01753332	0,00173368	-0,00690746	0,00197014	0,00163066	0,00236221
-0,01137033	0,00325515	-0,02640712	-0,01772844	0,01981290	-0,01779753	0,01261510	0,01014347
-0,00219540	-0,00914479	-0,00898210	0,01537263	-0,00070724	-0,00762329	-0,00684497	0,01061325
-0,01021804	-0,00095539	-0,00854944	0,02436043	-0,00214873	-0,01433645	-0,00598221	0,00649420
-0,00642737	0,00611790	-0,01698341	-0,00466007	-0,00917522	-0,00210792	-0,00783875	0,00574552
-0,01083511	-0,00552660	-0,00380047	0,00656069	0,00732389	-0,02292596	0,00601464	0,01467647
0,01431054	-0,00455106	0,01460585	0,00548593	0,00065769	0,00003791	-0,00029637	0,00785880
0,01070324	0,00507212	-0,02880713	0,00376436	-0,00082988	-0,01248735	-0,00190576	0,00392310
0,02100147	-0,00423140	-0,00985462	-0,02521723	-0,00982304	-0,00505135	-0,00123384	0,00609721
-0,00549400	0,00654742	-0,00997228	-0,01244653	-0,00959296	0,00538551	-0,01751359	0,00324906
-0,00974608	-0,00501849	-0,01920337	-0,01972471	0,01149120	-0,00377467	0,00664565	0,01644154
0,01601397	0,00365292	-0,01331686	-0,00187615	0,01616222	-0,01060093	0,00337271	0,00343413
-0,01142749	-0,00264520	-0,00330936	-0,00147859	-0,00380137	-0,01459097	-0,01448220	0,02565823
0,00410899	-0,00971902	0,00204751	-0,01354482	-0,00632114	-0,00838522	0,00377079	0,00851304
0,00226174	-0,01158072	-0,01987116	-0,01388224	-0,00051307	-0,01096138	-0,00671416	0,01930053
-0,00810440	-0,01111745	0,00095851	-0,01392613	-0,00894347	0,00227659	0,01745876	0,02047938
-0,03169085	0,00406308	0,00164884	-0,00386504	0,01531307	-0,01523437	-0,00830313	-0,00501525
-0,01515056	0,02458250	0,00473190	-0,00670414	0,00347235	0,00074817	0,00124255	0,02209647
-0,01357819	0,00565322	-0,00233332	0,00239864	-0,01609490	0,00513793	0,00392332	0,02447597
-0,01553624	-0,00126313	-0,00052895	0,00003826	0,00556317	-0,00111432	0,00058182	0,00447151
-0,00504279	0,02502491	-0,01993905	-0,00667029	0,00538409	-0,01573213	-0,00533050	0,00416040
-0,01559581	0,02940776	-0,03144689	0,00688747	-0,01009510	0,00425243	-0,00051979	0,01488169
0,00146543	-0,01342638	-0,00878228	-0,01636324	-0,00368059	-0,00271944	0,01171657	0,02284180
-0,00669663	0,01018627	0,00343926	-0,00067189	0,00211133	-0,01174824	0,00095031	0,02408090
-0,00476876	0,00029093	0,00275901	0,00069021	-0,00746038	-0,00678961	0,02440968	0,01183126
-0,00677847	0,01366268	0,00349492	0,00365918	0,00574727	-0,01246502	-0,01329314	0,01436996
-0,01228205	0,01538310	-0,00901398	0,00054355	0,00127116	0,00309991	0,00008833	0,01189586
-0,02588208	0,00896404	-0,00347740	0,00598680	0,01330317	0,00629176	-0,00584211	-0,00354303
-0,02370863	0,00078311	-0,00357180	-0,01309866	0,00725557	-0,00640777	0,01496824	-0,00345051
-0,01511412	0,00631398	0,01036698	-0,01007881	-0,00841910	0,00422864	-0,00148354	0,00222081
-0,01024395	-0,01561740	-0,00411625	0,00827713	0,00907272	-0,00131121	-0,00219816	0,01211112
0,00481279	0,02456743	-0,01563862	-0,00142643	-0,01538937	-0,00976096	-0,01268358	0,02471199
-0,00488056	0,00882753	0,00680103	0,00775179	0,02135544	-0,00404093	0,01954013	0,00841206
-0,02359018	0,01329757	0,00271573	-0,01290345	-0,00059249	-0,00309555	0,01422555	0,01608799
-0,02061469	0,00683467	0,00001329	0,00824796	-0,00660858	0,00424253	0,01299145	0,01895912
0,00549977	0,01894972	0,00858168	0,00027750	0,00260425	0,00670635	0,00889796	0,01318935
-0,01370436	-0,00994042	0,00004847	-0,00503140	-0,00177957	-0,01439926	-0,00158807	-0,01242528
0,00089036	0,01640054	-0,00506122	-0,00159063	0,00112909	-0,01037170	-0,00664013	0,01140956
0,01315858	0,01233440	-0,00192702	0,00062434	0,00765966	0,00832047	-0,00601299	0,00230659
-0,01148733	0,01058410	-0,02044934	-0,00256872	-0,00156643	-0,00560863	-0,01616138	0,01169274
-0,00652513	0,01209539	0,01061646	-0,00466252	-0,00690693	-0,01243928	-0,00386049	-0,00066168
0,00989352	0,01229647	-0,01409325	-0,01599784	-0,00712454	-0,00182020	-0,00549731	0,00462145
-0,00393892	-0,00736975	-0,00364591	-0,01337887	-0,01412230	0,00366390	-0,01179574	0,02128845
-0,00311019	-0,00233886	0,00987201	-0,00477653	0,00766910	-0,00365969	0,02389199	0,00113281
0,00301247	-0,01020256	-0,01278783	0,00955788	-0,00532897	-0,01373249	0,00482352	0,01279362
-0,00279674	-0,00395645	0,01150282	0,01427143	-0,00288209	-0,00534519	0,00517922	0,00149426
-0,01905283	-0,00069914	0,01242863	-0,00939384	0,01139734	-0,01511085	0,00248076	-0,00336560
-0,00823367	0,00243978	0,00479689	0,00470480	-0,00080203	-0,01116532	0,02400185	0,01885032
-0,00302021	0,00058672	-0,00655073	-0,00430322	-0,00640471	-0,00012389	-0,00433740	0,01487031
-0,00895156	0,01002203	-0,01697240	0,00594257	0,01535298	0,00773787	0,00015715	0,02045454
-0,00391720	0,00631610	0,00256571	0,00580547	0,01353218	-0,00166737	0,00999423	0,00758963
0,00706355	-0,00537964	-0,01095219	-0,01569740	0,01027861	-0,00136986	-0,01873822	0,00004075
-0,03464922	-0,00690810	-0,00219020	-0,01521002	0,00288198	-0,00364643	-0,01527846	-0,01164033
0,00045883	0,00330124	-0,02099371	0,01362633	0,00877852	0,00205610	-0,00762827	-0,00148909
-0,02053883	-0,00488312	0,00097116	-0,00221849	0,01138208	0,00254702	-0,01773220	0,00351073
0,00429720	0,00868233	-0,01418391	-0,00533745	0,01127721	0,01073169	-0,01515789	0,01102314
-0,01646020	-0,01448112	-0,00405853	0,00262301	-0,01006424	-0,00504959	-0,01202724	0,01179729
-0,00395702	0,00290847	-0,00287334	-0,00204422	-0,01995701	0,00566858	0,01254867	0,00465539
0,00852071	-0,00534671	0,00186836	-0,00155337	0,00507035	0,00563747	0,00857331	-0,00625077
-0,01790706	-0,00499879	-0,00445122	-0,01240046	0,01873762	-0,01763778	-0,00295188	-0,02081330
0,00013528	-0,00008093	0,00740573	0,01391447	-0,01080013	-0,02366845	-0,00368050	-0,01306809
-0,00958222	-0,00123574	0,00878699	-0,00655636	-0,00259912	0,00284425	0,00052275	0,01208148
-0,00498043	0,00856595	-0,01583717	0,00850860	-0,02212897	-0,00464387	0,00171858	0,01134752
-0,01356026	0,00462362	-0,02119220	-0,00658678	-0,00380935	-0,00673802	0,00754162	0,00856563
-0,01373595	-0,01524105	-0,00913914	-0,01119375	-0,00323046	-0,00638989	-0,01519592	0,02179655
-0,00028597	0,01444831	-0,00945551	-0,01678729	-0,01815168	0,00117120	-0,00249054	-0,01844376
-0,01373902	0,00253585	0,00228636	0,00210222	0,00727496	-0,00648438	-0,01570387	0,01948965
0,00186990	-0,00246258	0,01056354	-0,00082238	-0,01154600	-0,01439960	-0,00263312	0,00597619
-0,00180000	-0,00286832	0,00199545	0,00311411	0,00798262	-0,00457340	-0,01120848	-0,00246189
-0,00129246	-0,01374925	-0,01846691	-0,00037070	0,00750689	-0,02841690	-0,00576239	0,00442138
-0,00325336	0,00162462	-0,00511835	-0,01429874	0,00182176	0,00555316	-0,00650602	0,00622482
-0,00936449	-0,00998974	-0,01497958	-0,00106170	0,01774034	-0,01371844	-0,01625428	0,00170174
-0,00018046	0,00079217	-0,00749155	-0,00824838	0,00187872	-0,01679119	-0,02301959	0,00029742
-0,00819942	-0,01532040	-0,01528019	0,00758200	0,00166589	-0,00472030	0,00553912	0,00387651
-0,00900832	0,00202593	-0,00954539	-0,00441024	0,01088985	-0,01604302	-0,00306688	-0,00812585
-0,00699640	0,01778620	-0,01069517	0,00912873	0,00040296	0,00330481	-0,01129677	-0,01150992
-0,00582218	0,00500188	-0,01947806	-0,01589122	0,01765413	-0,01853078	-0,00842154	-0,00801752
-0,01698937	-0,00795991	-0,00354832	0,02096790	0,00385091	-0,01293994	0,00996983	-0,00646539
-0,00552557	-0,01307788	-0,00676738	-0,01244052	0,00589230	0,00209953	-0,00862493	0,01938238
0,00122790	-0,00491728	0,00190027	0,00393983	0,00749006	-0,00417241	-0,01278459	0,00066401
-0,01301444	0,00832541	0,01026653	0,02145364	0,02346692	0,00176710	-0,01520146	-0,00438980
-0,01400018	0,00031614	-0,00478208	0,00385024	0,00926942	-0,00588720	0,00130134	-0,00185944
0,00731188	-0,01929202	-0,02470795	-0,00471238	0,01285438	0,00303036	0,00137646	-0,00078648
-0,01382577	0,01387867	0,00820489	-0,01597321	0,00573311	-0,01349874	0,00019641	0,01000061
-0,02612423	-0,00564546	-0,00097572	0,00003533	0,00245156	-0,01241954	0,01266429	-0,01609773
-0,00432514	-0,01124016	-0,04445942	0,01151475	0,00573009	-0,01144471	-0,01876367	-0,00101847
0,00430251	-0,00937802	-0,01129532	-0,01122484	0,00627418	-0,02144277	-0,01278290	0,00342696
0,00064391	-0,00904127	-0,00121074	0,00073469	0,00875841	-0,01111515	0,01458479	-0,01543715
0,00479365	0,00657116	-0,00774571	-0,01458468	-0,00760468	-0,01094356	-0,03270578	-0,00553387
0,00754944	0,01125051	-0,02258378	-0,00807973	0,01421372	0,01684446	-0,01096345	-0,00811244
-0,00616649	0,00726080	-0,01294093	-0,00722828	0,00216437	-0,01734239	0,00273407	-0,00764881
-0,01537461	0,00405432	-0,02214778	-0,00539723	0,00758318	-0,01768099	-0,01115007	-0,00291880
0,00254410	0,01099529	-0,00593010	0,00824766	0,01113807	-0,00883984	-0,00089016	0,00140537
-0,03177668	-0,01964789	-0,00418566	-0,00858082	0,00470676	-0,00622782	-0,01525304	0,00381721
-0,01299030	-0,00618861	-0,02312780	-0,01525406	0,01225763	-0,01603269	-0,01978533	0,01119249
-0,01544750	-0,00696216	-0,01905701	-0,00191434	0,01053468	0,00085901	-0,01132556	-0,01025002
-0,01552436	-0,01142736	-0,01716776	0,00987882	0,00731131	-0,01065697	-0,01843727	-0,00135063
-0,00450620	-0,02307679	-0,01031691	-0,01413335	0,01043984	-0,01349682	-0,03364342	-0,01463182
-0,01619063	-0,00652956	0,01549809	-0,01319144	0,01696363	-0,00889027	-0,02273291	0,01314141
-0,00447993	-0,00723073	-0,00254990	-0,01187510	0,01394939	-0,02250493	-0,02552341	-0,00427914
-0,01980381	-0,01195247	-0,00185021	0,00334742	0,00251690	-0,01294359	0,00187253	-0,01312096
-0,01831850	-0,01372536	-0,01656444	-0,02422585	-0,01012519	-0,03129343	-0,03908424	-0,00725874
-0,02692798	-0,01253862	-0,00200390	-0,02769041	0,03134197	-0,00986869	-0,01491921	-0,03369220
0,01258005	-0,00670704	-0,00744215	0,01146372	-0,00415627	-0,01449059	-0,03335522	-0,00179853
-0,01541231	-0,00469304	-0,01904345	0,00043889	0,00595038	-0,01341374	-0,02145032	-0,00046097
-0,00204979	-0,00651103	-0,02432601	-0,01042476	0,00395708	-0,02523162	-0,00865480	-0,00371215
-0,00237913	-0,00672792	-0,01534814	0,00222788	-0,00476884	-0,00926412	-0,00182806	-0,00541866
-0,00295800	-0,00819665	-0,01111984	0,00175966	-0,00437129	-0,01977142	-0,01694902	-0,00016619
-0,01257543	-0,01216656	-0,01293934	0,00191082	0,00453946	-0,03105069	-0,02228249	-0,01199535
-0,00382072	-0,00554619	-0,00737692	-0,01702970	-0,00029571	0,00433320	-0,01737657	-0,01393406
-0,00324101	0,00204828	-0,01586786	0,00932098	0,01171783	-0,00241142	-0,00023945	-0,01750128
0,00086950	-0,01335761	0,00525389	-0,01975551	0,01639807	-0,02013634	-0,00082454	-0,00372004
0,00556549	-0,00924307	-0,00564198	0,01213991	0,00132069	-0,01919798	-0,01443359	-0,01858264
-0,01491440	-0,00051986	0,00087254	0,00398725	-0,00302786	-0,00771118	-0,00293722	-0,01592924
-0,00446046	-0,00812269	-0,01409182	-0,00917607	0,02369988	-0,00599959	-0,01605282	0,00325097
0,00254320	-0,01185297	-0,00680893	-0,02373327	-0,00911128	-0,01050342	-0,00619360	-0,00871623
-0,00150307	-0,00309896	-0,01926682	-0,02115122	-0,00378250	-0,01329440	-0,01522513	-0,00218111
0,00564772	0,00968204	-0,01032308	-0,01665642	-0,01855924	-0,01847098	0,01030722	-0,00454982
-0,00346440	-0,01470751	-0,00348032	-0,00269174	0,01439386	-0,00568186	-0,01206829	-0,00184780
-0,00832830	-0,01202341	0,00670949	-0,00167182	0,01459006	-0,00224230	-0,01811579	-0,01588257
-0,01566829	-0,00412544	-0,00876278	0,00162930	0,00413001	-0,01505264	-0,00886360	-0,02318200
-0,01756615	-0,00655008	-0,01150546	0,00081055	-0,00521925	-0,01157409	-0,02002113	-0,00558242
-0,00971729	-0,01251177	-0,01014299	0,00264214	-0,00465866	0,00765331	-0,00366835	-0,00779671
-0,02293112	-0,00821993	-0,01216475	-0,01522039	-0,00884717	-0,00831362	-0,01558582	0,01323713
0,00035181	-0,01293463	-0,00860328	-0,00571115	0,00379986	-0,02058144	0,00281307	0,01127686
-0,01852050	-0,00085028	0,00486890	-0,01344845	-0,00488904	0,01645563	0,00354227	-0,00693875
0,01190395	-0,01125331	-0,02802389	0,00090695	-0,01039053	0,00298173	-0,00709030	0,02772021
0,00784495	-0,01467839	-0,00157228	-0,00095897	-0,00901708	-0,01400649	0,00117274	0,00268082
0,00652074	-0,00624297	0,00202168	-0,01128069	-0,00327029	-0,01451893	-0,02331626	0,00346889
-0,00274017	-0,01255681	0,00091734	-0,01700247	-0,01924901	-0,00396507	-0,01240256	-0,00799576
-0,01456668	-0,01400884	-0,02061794	-0,00157071	-0,00726134	-0,01610510	-0,00763740	-0,00747096
-0,00707256	-0,02510542	-0,01336183	-0,00597352	0,00037584	-0,01436802	-0,01688224	-0,00849665
0,00990060	-0,01152231	0,00067738	-0,00174791	0,00073179	-0,01248108	-0,00979168	0,00535684
-0,00713625	-0,00609435	-0,00018463	-0,00686841	-0,00595701	0,00408024	-0,00090133	-0,00668693
-0,00010235	-0,00699703	-0,01157898	-0,01012751	-0,01558661	-0,01253702	-0,02083007	0,00418115
0,01299896	-0,00006882	-0,00142060	-0,02231051	0,00601331	0,02009842	-0,01839633	-0,01400248
-0,00407452	-0,00028173	0,00679618	-0,00139717	0,00377794	-0,00228440	-0,00758498	-0,00172016
0,00485916	-0,01960800	0,00707933	-0,01876556	0,00003024	-0,00464341	-0,00970101	-0,01143709
-0,00264342	-0,01370707	-0,03014246	-0,01716818	-0,01178578	0,00496390	-0,00742853	0,00850876
0,00072718	-0,01402847	-0,01842391	-0,01032199	0,00623648	-0,00664622	-0,01474718	0,01782674
-0,00077637	-0,00567248	-0,01753470	0,00200067	0,00199482	0,00340201	-0,02033317	0,01009554
-0,00605388	-0,01391154	-0,00191080	0,00389333	0,00158875	-0,00094864	-0,00049803	0,01700509
-0,00111914	-0,02449651	-0,00159950	-0,01246369	0,00427720	-0,01134040	-0,01625884	-0,00558820
0,01030887	-0,01101763	-0,01333276	-0,02151648	-0,02038861	-0,00454685	-0,00973453	-0,00389452
0,00515428	-0,00886035	-0,00354326	0,02262331	-0,00941485	-0,01745785	-0,00469447	-0,02370826
-0,00190616	-0,01452024	-0,00443128	-0,01506755	-0,01481962	0,00814973	-0,01505401	0,00446320
-0,00664896	0,00729463	0,00074868	-0,00146294	-0,00086040	-0,01852032	-0,02222883	-0,01169544
-0,01897096	0,00358029	-0,01011820	-0,01298081	0,00848863	-0,01830245	-0,02615021	-0,01341451
0,00860816	-0,01079540	-0,01141980	0,00569664	-0,00297111	-0,00767025	-0,01622463	-0,02166369
0,00601370	0,00215606	0,00295774	-0,00978950	0,01401833	-0,01265025	-0,00424486	0,01088470
-0,02288846	0,00353864	-0,00399253	0,00592203	-0,00482679	-0,00257008	-0,01002660	0,00663823
-0,00352073	0,00090674	0,00799343	-0,00364579	0,00690285	0,00810605	-0,01640559	0,01042292
-0,01264823	0,00545700	-0,00447810	-0,00572059	-0,00219926	0,01375977	-0,01928754	0,01711031
0,00142066	-0,00962307	0,00085676	0,01371750	0,00182434	-0,00623238	-0,01346206	0,00256169
0,00144639	0,00938263	-0,00115668	-0,00976906	0,01037506	-0,00249948	-0,00974665	-0,00229702
0,01133628	-0,01225603	-0,00476652	-0,01822411	0,00226271	-0,00982522	-0,02253318	0,01763869
0,00781976	-0,00627657	-0,01042722	0,00262151	-0,00575291	-0,00378543	0,00615608	-0,01491939
0,00809396	-0,00068741	-0,01693563	-0,00265023	0,00812724	-0,04257653	-0,01725528	-0,01078866
0,01045152	0,00441443	-0,02411660	-0,00697633	0,00190039	-0,00512605	-0,00315390	-0,00084386
0,00872999	-0,00255498	0,00530264	-0,00171608	0,01325456	-0,01740186	-0,00908998	-0,00267103
0,00865541	-0,01262411	-0,00351056	-0,00421162	-0,00713724	-0,02288744	0,00108867	0,00141790
0,00428382	-0,00995046	-0,01601546	-0,01055369	-0,00743949	-0,01467515	0,00546578	0,01227257
0,00999856	-0,01518784	-0,01291270	-0,02096089	-0,01240434	-0,00537212	-0,00624380	-0,00252245
0,01503240	-0,00455094	-0,00933048	-0,00347288	-0,01020528	-0,03009943	0,00512475	0,01305563
-0,01362035	-0,01166774	0,01528313	-0,00706442	-0,00388171	0,00083135	0,00924820	0,01025821
-0,00457418	0,01315330	0,00271276	-0,01247076	-0,01997085	0,00603782	-0,00482936	0,00764224
-0,02419876	-0,00840355	-0,00989556	-0,01788345	0,00937454	-0,02373305	-0,00777805	0,00698096
0,01105800	0,00817341	-0,01333387	-0,01748950	-0,01133969	0,01090915	-0,00851629	0,02560543
-0,01124215	-0,00870275	-0,00661567	0,00555915	-0,00884640	-0,00554200	-0,00310867	0,00832227
0,00668313	-0,01243166	-0,00686294	-0,00617369	-0,01652201	-0,00082729	-0,01188801	0,00200873
-0,00245265	0,00457710	-0,01800381	-0,00869426	-0,00421258	-0,01076453	-0,00749108	0,01270859
0,00542344	-0,01360631	-0,01179759	0,01809972	-0,00980753	-0,00122737	0,00391967	0,00748892
-0,00200339	-0,01286741	-0,01201509	-0,00820693	-0,00419491	-0,02372298	0,00201825	-0,00322251
-0,00108669	0,00850095	-0,01880452	-0,00406056	-0,02085409	0,00927719	0,01186104	0,00799826
-0,00415716	-0,00844722	0,02353052	-0,00445304	-0,01073586	-0,00322893	-0,01224237	-0,00784899
-0,00062938	0,01292778	0,00688716	-0,00025138	0,00488634	-0,01251269	0,00937893	-0,00573436
-0,02386382	0,00232660	0,00997538	-0,00584123	0,00802044	-0,01397949	-0,00758678	0,00718658
-0,01443088	-0,01019295	0,00184251	-0,01625191	-0,00455913	0,00066321	-0,02102179	0,00816157
0,00383934	0,00594842	-0,01443046	-0,00348357	0,00987310	-0,00118819	-0,00463658	0,00471814
-0,00389707	0,00061491	-0,00349667	0,00491973	0,00372703	0,00490568	-0,01061696	0,00434541
-0,00389070	0,00186485	0,00047097	0,01148589	-0,00379465	-0,00580530	-0,00786205	-0,00183589
-0,01540977	0,01298183	0,01323140	0,00102684	-0,00086645	-0,01343508	-0,00259023	0,00948631
-0,00132554	0,00495781	0,00509120	0,00044082	-0,00215046	-0,01115627	-0,00555063	0,00136833
-0,00324111	0,02152330	-0,00717272	-0,00326447	-0,01026487	0,00559614	-0,01152940	-0,00306061
0,01389175	0,00263024	-0,00186624	0,01669480	0,00747567	0,00575467	-0,00794198	0,01022071
-0,01187702	-0,00047383	-0,01938408	0,00198941	-0,00184815	-0,02592495	0,00165474	0,01027456
-0,00704298	0,00255499	-0,01317679	-0,00590206	0,00026570	0,00254245	0,00483676	0,01106895
-0,00304679	-0,00729165	0,00827889	0,00574190	-0,00410489	0,00512886	-0,01006906	0,00629763
-0,00312635	-0,00944100	-0,00180783	-0,01556709	0,01041968	-0,00379195	0,00647663	0,00492456
0,01801960	-0,01019741	-0,01226348	-0,00983325	0,00123920	-0,01314930	-0,00287118	-0,00723819
0,00380580	0,00602055	-0,01034612	-0,01158115	0,00327595	0,00895111	-0,01108496	0,00285565
0,00496351	0,00977032	-0,00840661	0,00453076	-0,01149260	-0,00040961	-0,03535467	0,01681877
0,00441168	-0,00834619	0,01045300	0,00759049	-0,01910926	0,00235524	-0,00588041	0,01597766
-0,00255162	0,00923746	-0,00703345	-0,00965275	-0,00297025	0,00481817	0,01170777	-0,00993630
-0,00912398	0,00258187	0,00279843	-0,01953218	-0,01830195	-0,00432067	-0,01360091	0,00601491
0,00164723	0,01283283	-0,00635812	-0,00346878	-0,00136616	-0,01261181	0,00468979	0,00079654
0,00153936	0,00723251	-0,00536421	0,00545175	0,01544496	0,00473440	-0,00317679	0,02303664
-0,00033413	0,00432125	0,00367292	0,00541282	-0,00380685	-0,00072024	-0,00396637	0,00427985
-0,01415165	-0,01203278	0,00783352	0,01480456	-0,00704198	0,01260602	-0,00044257	0,00331694
-0,00010411	-0,00725993	0,00569644	-0,00735925	0,01909661	-0,00806022	-0,00032009	0,00397591
-0,00414061	0,00697381	0,00560718	-0,00633969	0,00060089	0,00117650	-0,01596358	0,00161974
-0,01981920	0,00290459	-0,00296401	0,00847896	-0,01295291	-0,01211983	0,01532289	-0,00122746
-0,00120761	-0,00580070	0,00430098	0,00070165	-0,01305529	0,00257626	0,01736301	0,00224549
0,01519080	-0,01260846	-0,01572385	-0,00307907	-0,01416927	-0,00588911	-0,00414804	0,01027161
0,00113421	-0,00705123	0,00335424	-0,00938611	0,00938587	0,00628463	-0,00150561	0,00779732
-0,01464124	0,01849920	-0,00652066	-0,00330057	0,02332841	0,01333572	0,01174750	0,01625584
0,00367821	0,01224179	0,00897482	-0,00432820	-0,01582085	0,02694438	0,00190553	0,01017590
-0,00487594	-0,01148049	-0,01195599	-0,00797605	-0,00642286	0,00075345	-0,00103454	0,00486269
0,01017023	0,02728720	-0,02135210	0,01654373	-0,00876813	0,00058831	0,01659786	0,00046155
-0,00728995	0,00726133	-0,00541728	-0,01261547	-0,00601502	-0,00249513	0,01407479	-0,00114648
0,00972879	0,00025754	0,01119770	-0,00337487	-0,00477623	-0,00100963	-0,00244097	-0,00086924
-0,00600184	-0,01201499	-0,00646463	-0,00110999	-0,02099142	-0,00094954	-0,00013597	0,00496786
0,00352094	0,00072805	-0,01190661	0,00380129	0,00545446	0,00910152	0,00916524	-0,00980603
-0,00075048	0,01163395	-0,00390558	-0,01909142	0,00703111	-0,00168874	0,01242557	0,00377336
-0,00917491	0,00375741	0,00994946	-0,00404708	-0,00893613	0,00475567	-0,00527001	0,00845336
-0,01054591	0,00595906	-0,00051350	0,01381490	-0,00071612	-0,00813780	0,01829791	0,00390668
-0,01517611	0,00842029	0,00272696	0,00912952	-0,00067070	0,00262172	-0,00132777	-0,00328252
-0,00639019	-0,00425419	0,00822883	-0,01299023	0,00729397	-0,00643136	0,00032792	0,00020688
0,00816588	-0,01325053	0,00857189	0,01187640	0,00167143	-0,00194562	-0,02535360	0,00620993
0,01485126	0,00178805	-0,00411467	0,00630082	-0,00508678	-0,01638437	0,00328140	0,01715852
0,00196549	0,00253490	0,00294788	-0,00737508	0,00561521	-0,02512837	0,00688987	-0,01341040
-0,01192988	-0,00259804	-0,01305309	-0,01052462	0,00887507	0,00089658	0,00178866	0,00652260
0,00327253	-0,01000462	-0,00526088	-0,03299383	-0,00372881	-0,00435304	-0,00815405	0,01947103
0,00561580	0,00088096	0,00309274	-0,02108059	0,00406259	0,01112386	0,00631952	-0,00758079
-0,00734494	0,01018590	-0,00026506	-0,00866808	0,00523823	0,01094159	-0,00405616	-0,00668995
0,01003535	-0,02027351	-0,00938983	0,00457659	-0,00158561	-0,01358145	-0,00398023	-0,00763811
-0,00179455	0,00748673	0,00166992	0,00726577	0,00119714	-0,00107444	0,00440483	-0,00647336
0,00532643	-0,00833181	-0,01640960	-0,00533230	-0,01028499	-0,02320543	0,00275736	-0,00059626
0,00655912	0,00205025	-0,00755109	-0,00943290	0,01653512	-0,01807146	0,02053612	-0,00206563
-0,00484299	0,01839770	-0,01374559	0,00054672	0,00666945	0,01127565	-0,00873528	0,02024169
-0,00528945	0,00716206	0,00497908	0,00397633	0,00575635	-0,00223237	-0,02040425	0,00272400
-0,00313009	-0,02487441	-0,00564776	-0,00404836	0,01810041	0,00465243	-0,00232492	0,02572911
-0,02424897	-0,00448479	-0,01313837	-0,02262690	-0,00030267	0,00102660	0,00801851	0,01782315
0,00767973	-0,00530456	-0,01104530	-0,01038845	0,01742199	-0,01058286	0,01132004	-0,00250883
-0,00761615	0,01648477	-0,00337259	-0,00733048	0,00375691	-0,01534750	-0,00682275	-0,00376966
0,01603141	-0,01681228	-0,00488125	-0,00125294	-0,00284170	0,00138666	-0,00552120	0,00086015
-0,03495393	-0,01343445	-0,00446478	-0,00213685	0,03018478	-0,01713939	-0,02116123	0,00607798
-0,00990117	0,00914806	-0,02411818	0,00662611	0,00085500	0,00156277	0,00776455	0,00310820
-0,00468036	0,01276333	-0,01995975	-0,01901601	0,01508037	-0,01605189	-0,00962483	0,00662780
0,01036392	0,00790472	-0,01910449	-0,00197100	0,01571424	-0,00832244	-0,00326059	-0,00425937
-0,03003784	0,00541518	-0,01215708	-0,00612495	-0,00887947	-0,00507874	0,00035335	-0,00116466
-0,00018083	0,00228655	0,00730059	0,00037114	-0,00341372	-0,00624904	-0,00837526	-0,01210557
-0,00259965	-0,00614946	0,00336266	0,00004345	0,00897370	0,00660412	-0,00447865	0,01250969
-0,01178050	0,00547202	0,00008956	-0,01043026	0,00519651	-0,01081823	-0,00504701	0,00704251
0,00657260	0,01435389	-0,00488422	-0,00757785	0,00493497	-0,00257754	-0,00054453	-0,01376224
0,00142056	0,01621005	-0,00034188	-0,00908084	-0,00068066	0,00208702	-0,03098310	0,01726578
0,00911827	-0,00057379	-0,01092674	0,00466824	-0,01313839	0,02161316	-0,01105868	-0,00312953
-0,00962541	-0,00260442	0,00303476	-0,00824402	0,00097220	-0,02367986	-0,00533635	0,01199513
-0,00513514	-0,00036391	0,02289888	-0,00211397	0,01957290	0,00150206	0,00063838	0,00141067
0,01331456	-0,00555926	-0,00006364	-0,00397024	-0,00887489	0,00234675	0,01334741	0,00202700
-0,01456408	0,00701250	-0,01923152	-0,00299299	0,00127668	-0,00304988	-0,01354993	-0,00983916
-0,00132007	-0,01032274	-0,00616268	0,01662861	0,02549975	0,00269425	-0,00007936	-0,01642090
-0,01247961	-0,00537569	-0,02229896	-0,01096809	-0,00939354	0,00029460	0,00510907	-0,00817102
-0,01020929	-0,02157557	-0,00192139	-0,00273558	0,01698718	-0,01537019	0,00586337	-0,00292437
-0,00665673	-0,00435728	-0,01170124	0,00690469	-0,00133397	0,00638763	-0,02478594	0,00561391
-0,00888577	-0,00140653	0,00080392	-0,02136457	-0,00251334	-0,00864338	0,00337030	0,00775869
-0,00961160	-0,00666502	0,00555757	-0,01259780	0,00313921	0,00630124	-0,01333421	0,00371794
0,00774106	0,00510800	-0,00444454	-0,02113290	-0,00968736	-0,02302480	0,00669214	0,01877033
-0,01074198	-0,01335212	-0,01531753	0,00376507	0,00043569	0,00984932	-0,00889456	-0,00243121
-0,00090034	-0,00510683	-0,00698142	-0,00749069	-0,00812638	0,00228430	-0,02496951	0,00823396
0,01281841	-0,00630714	-0,00720208	0,00264583	0,00600960	-0,02186270	0,00459155	-0,01113771
-0,00496585	0,01023576	-0,00379098	0,00424789	0,01285452	-0,02515069	-0,01123904	-0,01366961
0,00976759	0,00604924	-0,01916658	0,01162009	0,01115863	-0,00152747	-0,00927471	0,00011921
-0,00169899	0,00829425	-0,00959581	-0,01407014	-0,01241983	-0,00306659	-0,00238663	-0,00445303
-0,00307302	-0,00611503	0,00055015	-0,01873753	-0,00286117	-0,00398167	-0,00425409	0,00509071
0,00627422	0,00013429	-0,02122603	-0,02371389	0,00899338	0,00014848	-0,01521409	-0,00168602
0,01430036	-0,00156410	-0,00693520	-0,00610678	0,01370224	-0,01708899	-0,01754260	-0,01013273
-0,00943548	-0,01580042	0,00999189	-0,01625686	0,02348734	0,00747446	-0,00365632	-0,00094134
-0,00440772	-0,00299774	-0,02305815	0,00313494	0,00162118	-0,01136733	-0,01246181	-0,01130688
-0,00893858	0,01594551	0,00808674	0,00042532	0,00872415	0,00428474	-0,02315485	0,00423026
0,00132302	-0,01008978	-0,01459110	-0,00771317	0,00525446	-0,02294879	-0,00238743	0,00318291
-0,00533958	-0,01276986	0,00727800	-0,00924617	0,03366284	-0,02078618	-0,02162687	-0,01026449
