-0.25295593	-0.15876037	-0.39299690	-0.35644265	0.01444062	0.00033501	-0.36859888	-0.26637297
-0.20943537	-0.10650538	-0.28662119	-0.44057933	-0.00065809	-0.07150345	-0.72456588	-0.31101032
-0.19277416	-0.09347435	-0.25169702	-0.44925892	-0.00813145	-0.09369096	-0.81178234	-0.30136951
-0.17616786	-0.08219739	-0.21898023	-0.44634660	-0.01648740	-0.11261323	-0.86560837	-0.28547406
-0.16007462	-0.07243806	-0.18904715	-0.43220163	-0.02504790	-0.12719205	-0.88151281	-0.26599328
-0.14480917	-0.06398434	-0.16216210	-0.40816301	-0.03263064	-0.13682242	-0.86079992	-0.24489216
-0.13056640	-0.05665407	-0.13836810	-0.37633259	-0.03747993	-0.14140123	-0.80969037	-0.22354190
-0.11745167	-0.05028798	-0.11756205	-0.33918555	-0.03729658	-0.14128451	-0.73724565	-0.20282688
-0.10549723	-0.04474892	-0.09953151	-0.29925147	-0.02949702	-0.13716294	-0.65304440	-0.18327980
-0.09468045	-0.03992181	-0.08402105	-0.25880683	-0.01175883	-0.12992598	-0.56545051	-0.16519634
-0.08495495	-0.03570303	-0.07075285	-0.21968509	0.01723423	-0.12050727	-0.48070474	-0.14867595
-0.07624721	-0.03200868	-0.05945580	-0.18320994	0.05704028	-0.10978264	-0.40279568	-0.13373065
-0.06847452	-0.02876629	-0.04986462	-0.15021108	0.10505213	-0.09850049	-0.33377187	-0.12029705
-0.06155009	-0.02591261	-0.04174451	-0.12108778	0.15677227	-0.08724077	-0.27425831	-0.10827765
-0.05538950	-0.02339748	-0.03487880	-0.09591054	0.20674492	-0.07642443	-0.22395932	-0.09755394
-0.04991797	-0.02117644	-0.02908600	-0.07451955	0.24984759	-0.06632806	-0.18206739	-0.08800508
-0.04505299	-0.01920541	-0.02419577	-0.05661553	0.28240441	-0.05711088	-0.14753734	-0.07950587
-0.04072660	-0.01745350	-0.02007383	-0.04182026	0.30272830	-0.04884558	-0.11928660	-0.07194026
-0.04097307	-0.01858993	-0.02078816	-0.04645919	0.23010153	-0.05570789	-0.12499538	-0.07393961
-0.04081867	-0.01964560	-0.02125363	-0.04963228	0.14935051	-0.06256926	-0.12835776	-0.07537187
-0.04022970	-0.02060108	-0.02149323	-0.05153489	0.06781878	-0.06916757	-0.12932218	-0.07622497
-0.03917908	-0.02145588	-0.02153390	-0.05236512	-0.00788341	-0.07520091	-0.12797038	-0.07648812
-0.03765050	-0.02219756	-0.02139072	-0.05231899	-0.07291444	-0.08034407	-0.12453492	-0.07618244
-0.03563931	-0.02282228	-0.02109552	-0.05157801	-0.12462603	-0.08426280	-0.11932292	-0.07533201
-0.03315729	-0.02332858	-0.02066948	-0.05030360	-0.16242339	-0.08666208	-0.11270614	-0.07398397
-0.03023567	-0.02371486	-0.02013787	-0.04864030	-0.18724242	-0.08730790	-0.10507544	-0.07218239
-0.02691523	-0.02397887	-0.01952192	-0.04669816	-0.20094248	-0.08605881	-0.09681410	-0.06999247
-0.02325931	-0.02413103	-0.01884026	-0.04457782	-0.20576021	-0.08289386	-0.08825217	-0.06747638
-0.01932658	-0.02416746	-0.01811203	-0.04235324	-0.20390871	-0.07792088	-0.07968887	-0.06470090
-0.01520020	-0.02409844	-0.01735048	-0.04009066	-0.19736448	-0.07135609	-0.07134264	-0.06172633
-0.01096458	-0.02393091	-0.01657426	-0.03783319	-0.18775295	-0.06351880	-0.06339011	-0.05861592
-0.00670433	-0.02366832	-0.01578881	-0.03561673	-0.17633705	-0.05479117	-0.05594194	-0.05542190
-0.00249843	-0.02332921	-0.01500542	-0.03346693	-0.16405754	-0.04557303	-0.04907466	-0.05220223
0.00157700	-0.02291117	-0.01423161	-0.03140037	-0.15157797	-0.03625185	-0.04281536	-0.04899352
0.00545224	-0.02242771	-0.01347329	-0.02942664	-0.13934722	-0.02717798	-0.03716937	-0.04583289
0.00907144	-0.02189119	-0.01274060	-0.02755825	-0.12765065	-0.01862689	-0.03212264	-0.04275485
0.01238839	-0.02130690	-0.01203053	-0.02579389	-0.11666070	-0.01081296	-0.02764587	-0.03977865
0.01537466	-0.02068487	-0.01134770	-0.02413313	-0.10646210	-0.00385913	-0.02369311	-0.03692517
0.01826419	-0.02221353	-0.01226599	-0.02596106	-0.11214621	-0.00935028	-0.02624901	-0.03863029
0.02167505	-0.02386771	-0.01322743	-0.02780004	-0.11687117	-0.01623557	-0.02888450	-0.04030380
0.02570315	-0.02565291	-0.01422989	-0.02962850	-0.12045990	-0.02472323	-0.03155565	-0.04192092
0.03045582	-0.02757531	-0.01527018	-0.03142312	-0.12277219	-0.03498858	-0.03420432	-0.04344077
0.03605393	-0.02964724	-0.01634410	-0.03315849	-0.12372215	-0.04716817	-0.03676415	-0.04481758
0.04264395	-0.03187669	-0.01744243	-0.03480519	-0.12327476	-0.06128859	-0.03915760	-0.04600018
0.05038208	-0.03426745	-0.01855573	-0.03633564	-0.12144752	-0.07724854	-0.04130300	-0.04692842
0.05944435	-0.03682866	-0.01967699	-0.03772554	-0.11831764	-0.09474630	-0.04310617	-0.04753499
0.07000879	-0.03956397	-0.02079391	-0.03894484	-0.11401340	-0.11324870	-0.04448639	-0.04774221
0.08226290	-0.04247565	-0.02188954	-0.03997026	-0.10870651	-0.13197553	-0.04535290	-0.04746984
0.09637213	-0.04556581	-0.02295339	-0.04077385	-0.10258138	-0.14991374	-0.04564214	-0.04663677
0.11247419	-0.04882578	-0.02396584	-0.04134242	-0.09584878	-0.16589841	-0.04530115	-0.04515163
0.13063868	-0.05224951	-0.02490806	-0.04165738	-0.08871260	-0.17873898	-0.04430038	-0.04293891
0.15083844	-0.05581540	-0.02576535	-0.04171071	-0.08136901	-0.18738420	-0.04264248	-0.03992266
0.17289047	-0.05950490	-0.02651653	-0.04149989	-0.07399443	-0.19108766	-0.04035256	-0.03605251
0.19641179	-0.06328078	-0.02714338	-0.04102616	-0.06673828	-0.18953963	-0.03749128	-0.03129554
0.22077413	-0.06710340	-0.02762773	-0.04029372	-0.05972490	-0.18292104	-0.03414009	-0.02564233
0.24506337	-0.07091479	-0.02795459	-0.03931749	-0.05304846	-0.17186450	-0.03040516	-0.01913481
0.26807898	-0.07464652	-0.02810577	-0.03811973	-0.04678165	-0.15734632	-0.02639662	-0.01184496
0.28838922	-0.07821524	-0.02807594	-0.03671926	-0.04096366	-0.14050549	-0.02223570	-0.00388931
0.30444241	-0.08152426	-0.02785380	-0.03514470	-0.03561966	-0.12251042	-0.01804233	0.00456761
0.31473766	-0.08446139	-0.02743589	-0.03342210	-0.03075913	-0.10439273	-0.01391864	0.01332968
0.31804123	-0.08690257	-0.02682112	-0.03158284	-0.02637027	-0.08697773	-0.00996049	0.02216447
0.31361275	-0.08872413	-0.02601622	-0.02965555	-0.02243774	-0.07085962	-0.00624980	0.03083185
0.30137159	-0.08978758	-0.02503173	-0.02767087	-0.01893629	-0.05639306	-0.00283364	0.03908780
0.28194197	-0.08995998	-0.02387658	-0.02565543	-0.01583809	-0.04373965	0.00023860	0.04669763
0.25659217	-0.08912896	-0.02257168	-0.02363712	-0.01310963	-0.03291396	0.00295775	0.05346357
0.22705562	-0.08719695	-0.02113368	-0.02163846	-0.01071814	-0.02382927	0.00531091	0.05922310
0.19524464	-0.08409457	-0.01959102	-0.01968251	-0.00863484	-0.01632982	0.00731058	0.06386548
0.16302320	-0.07979545	-0.01796350	-0.01778213	-0.00682559	-0.01023528	0.00897088	0.06733629
0.13198086	-0.07432618	-0.01628124	-0.01595431	-0.00525685	-0.00534906	0.01031332	0.06963141
0.10331291	-0.06775859	-0.01456238	-0.01421451	-0.00391263	-0.00149084	0.01136922	0.07079540
0.07778506	-0.06021399	-0.01283672	-0.01256546	-0.00275344	0.00151272	0.01217045	0.07091287
0.05576719	-0.05187363	-0.01112347	-0.01101124	-0.00176509	0.00381175	0.01274008	0.07009340
0.03731110	-0.04295108	-0.00944817	-0.00956495	-0.00092327	0.00553896	0.01311660	0.06847265
0.02223445	-0.03368528	-0.00782490	-0.00821855	-0.00020864	0.00680259	0.01332409	0.06619306
0.01022184	-0.02433088	-0.00627077	-0.00697661	0.00039188	0.00769911	0.01339226	0.06339288
0.00087336	-0.01513884	-0.00479698	-0.00583555	0.00089747	0.00830060	0.01334159	0.06020542
-0.00621437	-0.00633985	-0.00341554	-0.00479336	0.00131525	0.00867498	0.01319564	0.05675673
-0.01143991	0.00186427	-0.00213356	-0.00384820	0.00166260	0.00886494	0.01297383	0.05315596
-0.01775580	0.00217034	-0.00219924	-0.00371138	0.00212950	0.00996781	0.01389932	0.05765021
-0.02462225	0.00263974	-0.00224834	-0.00352593	0.00261872	0.01120498	0.01490336	0.06243866
-0.03187948	0.00335244	-0.00226903	-0.00328831	0.00313156	0.01257266	0.01598192	0.06750475
-0.03929347	0.00441612	-0.00225499	-0.00298911	0.00366101	0.01407063	0.01714180	0.07280880
-0.04658496	0.00597220	-0.00219488	-0.00262164	0.00420748	0.01568106	0.01838579	0.07830187
-0.05343548	0.00824008	-0.00207076	-0.00217542	0.00476650	0.01739299	0.01971267	0.08390071
-0.05949746	0.01148063	-0.00187095	-0.00164234	0.00532988	0.01918098	0.02112256	0.08951143
-0.06444700	0.01606454	-0.00156478	-0.00101289	0.00589496	0.02102050	0.02261063	0.09499146
-0.06800600	0.02245605	-0.00113332	-0.00027691	0.00645472	0.02287784	0.02417145	0.10018889
-0.06996771	0.03123045	-0.00053656	0.00057591	0.00700107	0.02472541	0.02579815	0.10491129
-0.07023351	0.04306411	0.00026054	0.00155406	0.00752965	0.02651778	0.02748174	0.10895041
-0.06881301	0.05868512	0.00131145	0.00266609	0.00803698	0.02822678	0.02919982	0.11207873
-0.06582873	0.07880218	0.00266724	0.00391790	0.00850666	0.02982054	0.03093999	0.11407559
-0.06149804	0.10394374	0.00438787	0.00531474	0.00893793	0.03126304	0.03267934	0.11473921
-0.05610135	0.13425498	0.00655114	0.00685826	0.00932216	0.03253384	0.03439578	0.11390177
-0.04995186	0.16927606	0.00922610	0.00855182	0.00965235	0.03360581	0.03605735	0.11146760
-0.04337037	0.20772123	0.01250371	0.01038563	0.00992639	0.03447111	0.03764035	0.10741476
-0.03664884	0.24742707	0.01645546	0.01235375	0.01013443	0.03511738	0.03911575	0.10182550
-0.03004268	0.28550522	0.02115579	0.01443828	0.01027636	0.03554724	0.04045408	0.09486085
-0.02374899	0.31874618	0.02666878	0.01662280	0.01035231	0.03575926	0.04163178	0.08678258
-0.01792071	0.34420585	0.03302068	0.01887824	0.01036057	0.03576622	0.04262314	0.07790971
-0.01264123	0.35980953	0.04021028	0.02117622	0.01029549	0.03557703	0.04341440	0.06859924
-0.00796667	0.36470135	0.04818638	0.02347588	0.01016358	0.03521263	0.04398478	0.05921379
-0.00390585	0.35934362	0.05683638	0.02574067	0.00996507	0.03468717	0.04432997	0.05008036
-0.00044339	0.34523702	0.06598181	0.02792070	0.00970796	0.03402306	0.04444435	0.04147462
0.00246011	0.32451078	0.07538099	0.02997544	0.00939041	0.03324185	0.04433117	0.03360697
0.00484487	0.29946693	0.08473251	0.03185908	0.00902651	0.03235792	0.04400226	0.02661106
0.00677017	0.27222141	0.09369546	0.03352897	0.00861218	0.03139833	0.04346530	0.02055272
0.00829060	0.24451302	0.10190408	0.03494395	0.00816398	0.03037089	0.04273822	0.01543318
0.00945763	0.21760808	0.10902819	0.03607500	0.00768210	0.02930776	0.04183957	0.01121082
0.01033008	0.19234844	0.11476487	0.03689603	0.00717339	0.02820972	0.04079303	0.00780897
0.01094412	0.16920728	0.11889353	0.03740118	0.00665198	0.02709500	0.03962374	0.00513296
0.01135023	0.14838754	0.12129353	0.03757118	0.00611589	0.02597910	0.03834980	0.00307912
0.01158065	0.12990405	0.12194696	0.03742362	0.00557673	0.02486357	0.03699384	0.00154686
0.01167376	0.11365251	0.12091962	0.03696855	0.00503818	0.02376754	0.03558159	0.00044226
0.01165182	0.09945711	0.11837356	0.03623000	0.00450351	0.02268845	0.03412805	-0.00032135
0.01154036	0.08711737	0.11452877	0.03523507	0.00398109	0.02163754	0.03265533	-0.00081940
0.01135521	0.07641866	0.10963494	0.03401639	0.00347573	0.02061319	0.03117626	-0.00111176
0.01111608	0.06715861	0.10395259	0.03261526	0.00298685	0.01962612	0.02970730	-0.00125163
0.01083971	0.05914787	0.09773986	0.03106114	0.00251662	0.01867587	0.02825922	-0.00128078
0.01092501	0.06275872	0.10656758	0.03332963	0.00244051	0.01944608	0.03020932	0.00082402
0.01093354	0.06595776	0.11587043	0.03577637	0.00234369	0.02022150	0.03227620	0.00320878
0.01085484	0.06864515	0.12552973	0.03840592	0.00221630	0.02099148	0.03446803	0.00586964
0.01068189	0.07072816	0.13536790	0.04123525	0.00205970	0.02175421	0.03677517	0.00878516
0.01040564	0.07214251	0.14514107	0.04426738	0.00186686	0.02250204	0.03919879	0.01192667
0.01001869	0.07284675	0.15454624	0.04750484	0.00163901	0.02322054	0.04172491	0.01524657
0.00952346	0.07281909	0.16320812	0.05095224	0.00136621	0.02390661	0.04434183	0.01867884
0.00891104	0.07208139	0.17071435	0.05461141	0.00104394	0.02454666	0.04702867	0.02214708
0.00818730	0.07067082	0.17663205	0.05847326	0.00066906	0.02514169	0.04976683	0.02555468
0.00734905	0.06865073	0.18055728	0.06253266	0.00023789	0.02566771	0.05251961	0.02880580
0.00640752	0.06610649	0.18216905	0.06678067	-0.00025431	0.02612030	0.05525474	0.03178771
0.00536924	0.06313070	0.18127038	0.07119947	-0.00081164	0.02648714	0.05792267	0.03439615
0.00424888	0.05982033	0.17784781	0.07578410	-0.00143933	0.02675719	0.06047884	0.03653043
0.00305848	0.05627265	0.17207079	0.08052119	-0.00213472	0.02692409	0.06286539	0.03811439
0.00181149	0.05258987	0.16429328	0.08541730	-0.00290336	0.02697877	0.06501949	0.03908791
0.00052940	0.04885039	0.15499336	0.09048649	-0.00373707	0.02691264	0.06688182	0.03941666
-0.00077149	0.04513098	0.14471576	0.09577048	-0.00463013	0.02671929	0.06838705	0.03909696
-0.00207145	0.04148998	0.13399331	0.10131327	-0.00557387	0.02639760	0.06948017	0.03815553
-0.00335269	0.03797734	0.12328582	0.10719360	-0.00655605	0.02594975	0.07011130	0.03664627
-0.00460002	0.03462879	0.11295791	0.11347483	-0.00755220	0.02537048	0.07023878	0.03464123
-0.00578943	0.03147195	0.10324375	0.12020633	-0.00853598	0.02467328	0.06983833	0.03223267
-0.00691286	0.02851624	0.09428061	0.12737708	-0.00947558	0.02385798	0.06890497	0.02951527
-0.00795570	0.02577970	0.08610485	0.13488869	-0.01032835	0.02293747	0.06744872	0.02659097
-0.00890857	0.02325223	0.07870326	0.14253080	-0.01104978	0.02192816	0.06550014	0.02355288
-0.00976214	0.02093994	0.07203227	0.14998617	-0.01158523	0.02083458	0.06311447	0.02049245
-0.01051905	0.01882863	0.06602178	0.15684180	-0.01187867	0.01968210	0.06035258	0.01748257
-0.01116443	0.01691054	0.06059719	0.16265102	-0.01187118	0.01847793	0.05728908	0.01458220
-0.01171415	0.01517646	0.05569317	0.16699420	-0.01151135	0.01724905	0.05400771	0.01184209
-0.01215772	0.01360743	0.05124999	0.16954859	-0.01075089	0.01600353	0.05059027	0.00929769
-0.01250456	0.01219763	0.04721286	0.17012083	-0.00955166	0.01476285	0.04711962	0.00696529
-0.01275754	0.01092857	0.04354206	0.16868739	-0.00789225	0.01354197	0.04366768	0.00486123
-0.01292150	0.00979002	0.04019196	0.16536304	-0.00577635	0.01234784	0.04029194	0.00298142
-0.01300710	0.00876607	0.03713303	0.16037536	-0.00322038	0.01120118	0.03704905	0.00133216
-0.01301884	0.00785403	0.03433830	0.15403572	-0.00027605	0.01010492	0.03397354	-0.00010648
-0.01296508	0.00703633	0.03178182	0.14667670	0.00299769	0.00907108	0.03109107	-0.00134517
-0.01285355	0.00630405	0.02943818	0.13862788	0.00650700	0.00810047	0.02842128	-0.00239512
-0.01269139	0.00565085	0.02729299	0.13019040	0.01015998	0.00720301	0.02596499	-0.00327858
-0.01248441	0.00506443	0.02532650	0.12162488	0.01384628	0.00637687	0.02372734	-0.00400965
-0.01224277	0.00454163	0.02352258	0.11313132	0.01745926	0.00562192	0.02169336	-0.00460697
-0.01196785	0.00407382	0.02186859	0.10486983	0.02089993	0.00493979	0.01985625	-0.00508430
-0.01305705	0.00355962	0.02079336	0.11084861	0.02783326	0.00471780	0.01947545	-0.00684820
-0.01422694	0.00297609	0.01944505	0.11574647	0.03638448	0.00440581	0.01871670	-0.00885012
-0.01547805	0.00231538	0.01782587	0.11918454	0.04689314	0.00399055	0.01748948	-0.01109934
-0.01681306	0.00157944	0.01593424	0.12078826	0.05974005	0.00344970	0.01569145	-0.01360725
-0.01822989	0.00076494	0.01379596	0.12022992	0.07534999	0.00275928	0.01321327	-0.01637850
-0.01972798	-0.00012862	0.01143153	0.11724722	0.09417053	0.00188883	0.00994173	-0.01941918
-0.02130048	-0.00109849	0.00887866	0.11170390	0.11664203	0.00081495	0.00575596	-0.02272507
-0.02294393	-0.00214112	0.00617858	0.10361503	0.14312643	-0.00050185	0.00054361	-0.02628249
-0.02465000	-0.00325354	0.00338030	0.09315160	0.17382252	-0.00210084	-0.00578457	-0.03007058
-0.02640091	-0.00443021	0.00053902	0.08065927	0.20862735	-0.00402236	-0.01329331	-0.03405760
-0.02818531	-0.00566499	-0.00229385	0.06661655	0.24695574	-0.00630892	-0.02199764	-0.03820789
-0.02997775	-0.00694647	-0.00506019	0.05160079	0.28753019	-0.00900745	-0.03185500	-0.04246614
-0.03175722	-0.00826604	-0.00771296	0.03624243	0.32819271	-0.01216698	-0.04273305	-0.04677020
-0.03349286	-0.00960962	-0.01019977	0.02114110	0.36577448	-0.01582481	-0.05441508	-0.05105653
-0.03514844	-0.01096916	-0.01248626	0.00684018	0.39616911	-0.02001613	-0.06659230	-0.05524301
-0.03668393	-0.01232612	-0.01453443	-0.00622571	0.41470357	-0.02476221	-0.07886199	-0.05925529
-0.03805940	-0.01366755	-0.01632913	-0.01774568	0.41684262	-0.03006115	-0.09075781	-0.06300393
-0.03922273	-0.01497827	-0.01785240	-0.02754069	0.39921494	-0.03588889	-0.10177947	-0.06641632
-0.04012913	-0.01624490	-0.01909827	-0.03555250	0.36061694	-0.04218622	-0.11143420	-0.06941632
-0.04072875	-0.01745488	-0.02007358	-0.04181973	0.30272765	-0.04884429	-0.11928628	-0.07194076
-0.03933780	-0.01784190	-0.02203968	-0.04305550	0.23311149	-0.05147088	-0.11987649	-0.06867424
-0.03785572	-0.01811627	-0.02363326	-0.04340755	0.18229871	-0.05306631	-0.11812393	-0.06519732
-0.03630613	-0.01828014	-0.02487876	-0.04305345	0.14458952	-0.05377694	-0.11467023	-0.06159356
-0.03471450	-0.01834294	-0.02579939	-0.04215647	0.11617564	-0.05374673	-0.11004213	-0.05793229
-0.03310252	-0.01831208	-0.02642376	-0.04085811	0.09445399	-0.05312258	-0.10467624	-0.05427727
-0.03148502	-0.01819997	-0.02678577	-0.03927610	0.07763017	-0.05202859	-0.09889390	-0.05068016
-0.02988356	-0.01801095	-0.02691172	-0.03750602	0.06443340	-0.05058056	-0.09294432	-0.04718223
-0.02831519	-0.01775516	-0.02683979	-0.03562489	0.05396760	-0.04887173	-0.08700444	-0.04381097
-0.02678196	-0.01744136	-0.02659360	-0.03369848	0.04557951	-0.04698731	-0.08120149	-0.04058698
-0.02529640	-0.01707802	-0.02620250	-0.03176625	0.03878894	-0.04499137	-0.07561549	-0.03753055
-0.02499582	-0.01786259	-0.02637726	-0.03337023	0.03112195	-0.04833828	-0.07773353	-0.03834211
-0.02449720	-0.01858373	-0.02639728	-0.03456059	0.02292928	-0.05155586	-0.07917619	-0.03894589
-0.02379674	-0.01923759	-0.02627767	-0.03536310	0.01446197	-0.05457183	-0.07992102	-0.03934231
-0.02288511	-0.01981787	-0.02603174	-0.03581173	0.00598095	-0.05730773	-0.07997168	-0.03952900
-0.02176873	-0.02032242	-0.02567036	-0.03593797	-0.00227871	-0.05969178	-0.07935243	-0.03950542
-0.02044859	-0.02075166	-0.02520164	-0.03578434	-0.01009373	-0.06165040	-0.07810634	-0.03927704
-0.01893774	-0.02109758	-0.02465130	-0.03538516	-0.01729554	-0.06312571	-0.07629390	-0.03886025
-0.01725227	-0.02136238	-0.02402554	-0.03477995	-0.02374679	-0.06406393	-0.07398326	-0.03826265
-0.01540819	-0.02154421	-0.02333681	-0.03400331	-0.02935994	-0.06442985	-0.07125438	-0.03749663
-0.01342956	-0.02164729	-0.02260359	-0.03309105	-0.03409943	-0.06420513	-0.06818551	-0.03658855
-0.01133994	-0.02167160	-0.02182812	-0.03207283	-0.03795830	-0.06339642	-0.06486129	-0.03555178
-0.00917046	-0.02162383	-0.02103217	-0.03097707	-0.04096973	-0.06201823	-0.06135805	-0.03440556
-0.00695444	-0.02150437	-0.02021542	-0.02982314	-0.04318576	-0.06011267	-0.05774918	-0.03317294
-0.00471637	-0.02131969	-0.01939357	-0.02863653	-0.04467939	-0.05772777	-0.05409645	-0.03187056
-0.00248925	-0.02107280	-0.01856512	-0.02743040	-0.04552707	-0.05493777	-0.05045724	-0.03051627
-0.00029987	-0.02077150	-0.01774874	-0.02622468	-0.04582036	-0.05181006	-0.04688454	-0.02912869
0.00181922	-0.02041995	-0.01693937	-0.02502761	-0.04563825	-0.04842915	-0.04340934	-0.02772910
0.00384775	-0.02002445	-0.01614600	-0.02384868	-0.04506647	-0.04487186	-0.04006442	-0.02632046
0.00576672	-0.01958718	-0.01537146	-0.02269774	-0.04417875	-0.04121499	-0.03687005	-0.02492245
0.00755668	-0.01911929	-0.01461703	-0.02157719	-0.04304446	-0.03753265	-0.03384826	-0.02354625
0.00858563	-0.02025024	-0.01549740	-0.02281566	-0.04497500	-0.04182384	-0.03583937	-0.02404181
0.00972506	-0.02144680	-0.01640088	-0.02403539	-0.04664761	-0.04636274	-0.03779856	-0.02445491
0.01098264	-0.02270453	-0.01732592	-0.02523061	-0.04802552	-0.05110356	-0.03968963	-0.02477361
0.01236047	-0.02402540	-0.01826574	-0.02639101	-0.04907826	-0.05598934	-0.04148078	-0.02497377
0.01387055	-0.02540857	-0.01921929	-0.02749501	-0.04978243	-0.06094508	-0.04313890	-0.02504051
0.01550775	-0.02685467	-0.02017319	-0.02853532	-0.05012969	-0.06587985	-0.04462192	-0.02495142
0.01727549	-0.02835908	-0.02112711	-0.02949353	-0.05011146	-0.07068667	-0.04589857	-0.02467881
0.01917137	-0.02991923	-0.02206905	-0.03035851	-0.04973242	-0.07524493	-0.04692989	-0.02421388
0.02117964	-0.03152746	-0.02299185	-0.03111814	-0.04900988	-0.07943080	-0.04768318	-0.02352803
0.02329595	-0.03318262	-0.02388134	-0.03175797	-0.04796248	-0.08311447	-0.04813549	-0.02259584
0.02549224	-0.03487173	-0.02473212	-0.03226967	-0.04662241	-0.08616935	-0.04826180	-0.02141187
0.02774286	-0.03658098	-0.02553249	-0.03264372	-0.04502263	-0.08848703	-0.04804522	-0.01995048
0.03001386	-0.03830179	-0.02626601	-0.03287251	-0.04320509	-0.08997350	-0.04748211	-0.01820845
0.03225769	-0.04001437	-0.02692853	-0.03295229	-0.04120678	-0.09056510	-0.04656814	-0.01618108
0.03442641	-0.04170212	-0.02750869	-0.03288012	-0.03907016	-0.09022858	-0.04532316	-0.01386989
0.03646120	-0.04334066	-0.02798640	-0.03266031	-0.03683935	-0.08896586	-0.04376010	-0.01128034
0.03829451	-0.04490428	-0.02836199	-0.03228983	-0.03454643	-0.08681662	-0.04190721	-0.00843706
0.03986704	-0.04636513	-0.02862644	-0.03177587	-0.03222765	-0.08385275	-0.03980384	-0.00536027
0.04110872	-0.04769452	-0.02876531	-0.03112747	-0.02991985	-0.08017096	-0.03748528	-0.00208709
0.04196132	-0.04885287	-0.02877539	-0.03035406	-0.02764744	-0.07588927	-0.03499797	0.00133898
0.04237184	-0.04981447	-0.02865590	-0.02946572	-0.02543022	-0.07114106	-0.03238359	0.00487220
0.04230110	-0.05053639	-0.02839724	-0.02847385	-0.02329155	-0.06606340	-0.02969293	0.00844908
0.04172719	-0.05098642	-0.02800901	-0.02739434	-0.02124179	-0.06078715	-0.02697006	0.01201799
0.04064703	-0.05113129	-0.02748723	-0.02624087	-0.01929962	-0.05544196	-0.02425225	0.01551064
0.03907524	-0.05093856	-0.02683728	-0.02502520	-0.01746149	-0.05013481	-0.02158510	0.01886991
0.03705213	-0.05038357	-0.02606902	-0.02376764	-0.01574021	-0.04496633	-0.01899197	0.02203850
0.03462852	-0.04944547	-0.02518473	-0.02247818	-0.01413489	-0.04000494	-0.01650557	0.02496098
0.03187703	-0.04811233	-0.02420044	-0.02117186	-0.01264631	-0.03531405	-0.01414512	0.02759600
0.02887491	-0.04637635	-0.02312887	-0.01986153	-0.01126735	-0.03092835	-0.01193094	0.02990848
0.02570511	-0.04424855	-0.02197785	-0.01855307	-0.01000128	-0.02687824	-0.00986960	0.03186549
0.02245472	-0.04174645	-0.02076390	-0.01726632	-0.00884062	-0.02317241	-0.00797071	0.03346022
0.01920587	-0.03889722	-0.01950050	-0.01600438	-0.00777759	-0.01981099	-0.00623742	0.03468309
0.01602537	-0.03573584	-0.01820329	-0.01477414	-0.00681344	-0.01678845	-0.00466616	0.03553769
0.01297715	-0.03231371	-0.01688747	-0.01358926	-0.00593798	-0.01408772	-0.00325380	0.03603653
0.01010866	-0.02868364	-0.01556230	-0.01244380	-0.00514340	-0.01169359	-0.00199436	0.03620709
0.00745590	-0.02490723	-0.01424202	-0.01135126	-0.00442414	-0.00958127	-0.00088197	0.03606963
0.00504394	-0.02104575	-0.01294265	-0.01031234	-0.00378091	-0.00772849	0.00009516	0.03565650
0.00288117	-0.01717314	-0.01166968	-0.00932704	-0.00320111	-0.00611524	0.00094407	0.03500293
0.00097353	-0.01334041	-0.01043557	-0.00839822	-0.00267838	-0.00471204	0.00167714	0.03414220
-0.00068197	-0.00961170	-0.00924472	-0.00752549	-0.00221028	-0.00349899	0.00230380	0.03310743
-0.00316637	-0.01000116	-0.00979191	-0.00766011	-0.00199036	-0.00330673	0.00252373	0.03509458
-0.00580044	-0.01031253	-0.01035939	-0.00777659	-0.00174847	-0.00304332	0.00277579	0.03713513
-0.00854643	-0.01051545	-0.01094321	-0.00786792	-0.00148977	-0.00270421	0.00306540	0.03921706
-0.01135931	-0.01058036	-0.01153721	-0.00793325	-0.00121912	-0.00228897	0.00339322	0.04132000
-0.01417869	-0.01046337	-0.01213794	-0.00796633	-0.00093048	-0.00179825	0.00376403	0.04341994
-0.01694714	-0.01012486	-0.01273975	-0.00796631	-0.00063295	-0.00123360	0.00417747	0.04549200
-0.01960315	-0.00951882	-0.01333315	-0.00792597	-0.00032136	-0.00059927	0.00463672	0.04750518
-0.02207977	-0.00859455	-0.01390721	-0.00783742	-0.00000360	0.00009935	0.00514539	0.04943123
-0.02431840	-0.00730616	-0.01445226	-0.00770200	0.00032510	0.00085418	0.00570222	0.05123007
-0.02626937	-0.00560774	-0.01495414	-0.00751171	0.00065167	0.00165647	0.00630604	0.05285967
-0.02788993	-0.00346424	-0.01539166	-0.00725809	0.00097945	0.00249425	0.00695867	0.05428573
-0.02914538	-0.00084574	-0.01575204	-0.00694102	0.00130200	0.00336216	0.00765684	0.05546704
-0.03001414	0.00224916	-0.01600969	-0.00655421	0.00162125	0.00423939	0.00839302	0.05637342
-0.03049850	0.00582037	-0.01614562	-0.00609633	0.00192914	0.00511759	0.00916537	0.05696533
-0.03060338	0.00982510	-0.01613776	-0.00556086	0.00222447	0.00598446	0.00996749	0.05722102
-0.03034739	0.01420573	-0.01595537	-0.00494877	0.00250471	0.00682925	0.01079020	0.05712194
-0.02976421	0.01887537	-0.01557508	-0.00426203	0.00276633	0.00763943	0.01162707	0.05665615
-0.02888736	0.02372512	-0.01497450	-0.00349614	0.00300540	0.00840115	0.01246360	0.05582857
-0.02776576	0.02862458	-0.01413151	-0.00265572	0.00321898	0.00911234	0.01329431	0.05464817
-0.02644010	0.03344000	-0.01302499	-0.00175038	0.00340715	0.00976406	0.01410566	0.05313525
-0.02495700	0.03802654	-0.01164405	-0.00077961	0.00356753	0.01034847	0.01489022	0.05132361
-0.02336296	0.04225283	-0.00998224	0.00024426	0.00369819	0.01086458	0.01563250	0.04925137
-0.02169982	0.04599858	-0.00804047	0.00131274	0.00379583	0.01131099	0.01632435	0.04696297
-0.02000284	0.04918067	-0.00582761	0.00241482	0.00386703	0.01168016	0.01695744	0.04450470
-0.01830600	0.05172555	-0.00336898	0.00353596	0.00390483	0.01198399	0.01752588	0.04193003
-0.01663524	0.05360027	-0.00069461	0.00466047	0.00391212	0.01221598	0.01801835	0.03928859
-0.01501738	0.05480430	0.00215215	0.00577493	0.00389275	0.01237873	0.01843462	0.03662175
-0.01346563	0.05536145	0.00511816	0.00686533	0.00384465	0.01248400	0.01876910	0.03397472
-0.01198972	0.05531347	0.00815143	0.00791370	0.00377072	0.01252840	0.01901904	0.03138425
-0.01060443	0.05472541	0.01118614	0.00890687	0.00367255	0.01251643	0.01918777	0.02888091
-0.00931217	0.05366693	0.01415688	0.00982724	0.00354952	0.01245728	0.01927564	0.02648942
-0.00811466	0.05221937	0.01700593	0.01066731	0.00341354	0.01235512	0.01928148	0.02422749
-0.00701609	0.05045665	0.01966981	0.01141748	0.00325746	0.01221105	0.01921407	0.02210456
-0.00600759	0.04845538	0.02210395	0.01206756	0.00308617	0.01203559	0.01907395	0.02012967
-0.00509305	0.04628481	0.02426512	0.01260872	0.00290487	0.01182973	0.01887075	0.01830703
-0.00426383	0.04400361	0.02612174	0.01304393	0.00271440	0.01159827	0.01860972	0.01663075
-0.00351700	0.04166740	0.02765909	0.01336938	0.00251608	0.01134943	0.01829419	0.01510147
-0.00284644	0.03931870	0.02886421	0.01358467	0.00231238	0.01107711	0.01793450	0.01371013
-0.00225055	0.03699207	0.02974281	0.01369805	0.00210954	0.01079769	0.01753497	0.01244821
-0.00171539	0.03471868	0.03030777	0.01371273	0.00190484	0.01050653	0.01710195	0.01131090
-0.00210029	0.03500686	0.03051312	0.01416017	0.00191188	0.01071453	0.01775162	0.01240452
-0.00252065	0.03508343	0.03049632	0.01459366	0.00191627	0.01090057	0.01838931	0.01350014
-0.00297806	0.03494056	0.03022347	0.01501331	0.00192036	0.01106467	0.01901126	0.01457981
-0.00347103	0.03457907	0.02967495	0.01541539	0.00192141	0.01120115	0.01960730	0.01562355
-0.00399873	0.03400095	0.02882785	0.01579152	0.00192571	0.01130698	0.02016869	0.01661373
-0.00455770	0.03321368	0.02767205	0.01613931	0.00192590	0.01138382	0.02068740	0.01752224
-0.00514739	0.03223763	0.02620630	0.01645847	0.00193042	0.01142287	0.02115043	0.01833021
-0.00576175	0.03108439	0.02444091	0.01673835	0.00193714	0.01142005	0.02154821	0.01901519
-0.00639640	0.02977693	0.02239466	0.01698260	0.00195010	0.01137584	0.02186702	0.01954928
-0.00705076	0.02834292	0.02010650	0.01719133	0.00196982	0.01128500	0.02209747	0.01992232
-0.00771094	0.02680967	0.01762689	0.01735870	0.00200205	0.01114674	0.02222686	0.02010971
-0.00837436	0.02520015	0.01501130	0.01749612	0.00204609	0.01095644	0.02224324	0.02010562
-0.00903819	0.02354628	0.01232887	0.01761168	0.00210602	0.01071833	0.02213572	0.01989619
-0.00969272	0.02186868	0.00965046	0.01771059	0.00219316	0.01042753	0.02189957	0.01948198
-0.01033055	0.02019079	0.00705207	0.01781046	0.00230520	0.01008297	0.02152482	0.01886971
-0.01094283	0.01854177	0.00460030	0.01792785	0.00245470	0.00969183	0.02100617	0.01806341
-0.01152566	0.01693271	0.00235334	0.01807930	0.00264071	0.00924751	0.02034762	0.01708224
-0.01207450	0.01537663	0.00035813	0.01828846	0.00287889	0.00876323	0.01954846	0.01594036
-0.01257888	0.01389681	-0.00133992	0.01857422	0.00317169	0.00823124	0.01861483	0.01466611
-0.01303753	0.01249069	-0.00273514	0.01895597	0.00352790	0.00766428	0.01756078	0.01328572
-0.01344702	0.01116987	-0.00381799	0.01945101	0.00395697	0.00706443	0.01639733	0.01182164
-0.01380118	0.00993929	-0.00459408	0.02006722	0.00446823	0.00643952	0.01514016	0.01030691
-0.01409928	0.00879900	-0.00508847	0.02081340	0.00506714	0.00579347	0.01381247	0.00877174
-0.01433786	0.00774883	-0.00532973	0.02167693	0.00575970	0.00513617	0.01243366	0.00723291
-0.01452286	0.00678630	-0.00534608	0.02264811	0.00655291	0.00447387	0.01103179	0.00572476
-0.01464672	0.00591078	-0.00517910	0.02370425	0.00744850	0.00381208	0.00962365	0.00426321
-0.01471720	0.00511871	-0.00486810	0.02481689	0.00844864	0.00316069	0.00824032	0.00286701
-0.01473269	0.00440042	-0.00444242	0.02595167	0.00954978	0.00252375	0.00689753	0.00155279
-0.01469410	0.00375669	-0.00393911	0.02706721	0.01074943	0.00190992	0.00562045	0.00032653
-0.01460952	0.00318174	-0.00338832	0.02812765	0.01203393	0.00132016	0.00442275	-0.00080012
-0.01447986	0.00266623	-0.00280885	0.02909917	0.01339601	0.00076799	0.00331613	-0.00182484
-0.01430958	0.00221066	-0.00222536	0.02994644	0.01481531	0.00024790	0.00231372	-0.00274267
-0.01410140	0.00180604	-0.00165383	0.03064498	0.01627675	-0.00023088	0.00141901	-0.00355921
-0.01386027	0.00145002	-0.00110342	0.03117849	0.01775836	-0.00066369	0.00063995	-0.00427467
-0.01359187	0.00113685	-0.00058736	0.03153095	0.01923175	-0.00105847	-0.00002971	-0.00489281
-0.01329687	0.00086067	-0.00011235	0.03170545	0.02067776	-0.00140613	-0.00059060	-0.00541937
-0.01298330	0.00062388	0.00032531	0.03170069	0.02207020	-0.00171008	-0.00104664	-0.00585608
-0.01265100	0.00041363	0.00071951	0.03152603	0.02338497	-0.00197100	-0.00140868	-0.00621739
-0.01230662	0.00023245	0.00107059	0.03119258	0.02460023	-0.00219083	-0.00168433	-0.00650346
-0.01194960	0.00007713	0.00137781	0.03071762	0.02569746	-0.00236630	-0.00187824	-0.00672563
-0.01272538	-0.00048313	-0.00004533	0.02994025	0.02869087	-0.00309634	-0.00365743	-0.00786348
-0.01353270	-0.00108959	-0.00157212	0.02873409	0.03188973	-0.00392353	-0.00570545	-0.00909523
-0.01436658	-0.00174434	-0.00319848	0.02707808	0.03527869	-0.00486247	-0.00803871	-0.01041862
-0.01523105	-0.00244548	-0.00490245	0.02495857	0.03881715	-0.00592132	-0.01067569	-0.01183851
-0.01611193	-0.00319828	-0.00666752	0.02237874	0.04246501	-0.00711035	-0.01362875	-0.01334850
-0.01700924	-0.00399253	-0.00847680	0.01935583	0.04615676	-0.00844998	-0.01690155	-0.01494182
-0.01791781	-0.00482987	-0.01030745	0.01592719	0.04981052	-0.00994089	-0.02049180	-0.01660950
-0.01882489	-0.00570842	-0.01213222	0.01214870	0.05332653	-0.01159743	-0.02439035	-0.01834449
-0.01972387	-0.00662023	-0.01392924	0.00808424	0.05658521	-0.01343473	-0.02857727	-0.02012884
-0.02060827	-0.00756297	-0.01567478	0.00381250	0.05945383	-0.01545686	-0.03301914	-0.02195113
-0.02146247	-0.00853007	-0.01734483	-0.00057644	0.06178016	-0.01766868	-0.03766466	-0.02379159
-0.02227344	-0.00951346	-0.01891562	-0.00498970	0.06341188	-0.02007627	-0.04245972	-0.02563255
-0.02302643	-0.01050748	-0.02036981	-0.00933117	0.06419652	-0.02267545	-0.04732557	-0.02744765
-0.02370559	-0.01150502	-0.02168706	-0.01352012	0.06399445	-0.02546816	-0.05217965	-0.02921691
-0.02429555	-0.01249806	-0.02285438	-0.01746895	0.06269211	-0.02843563	-0.05692657	-0.03091777
-0.02477855	-0.01347580	-0.02386308	-0.02111125	0.06021245	-0.03156293	-0.06147069	-0.03251669
-0.02513775	-0.01443174	-0.02470103	-0.02439381	0.05652615	-0.03481885	-0.06570308	-0.03400323
-0.02535416	-0.01535732	-0.02537137	-0.02727718	0.05165881	-0.03817515	-0.06953126	-0.03534806
-0.02540997	-0.01624066	-0.02587233	-0.02973665	0.04569854	-0.04158363	-0.07286055	-0.03652813
-0.02529720	-0.01708030	-0.02620422	-0.03176674	0.03879049	-0.04499031	-0.07561678	-0.03753129
-0.02386843	-0.01667541	-0.02569696	-0.02986789	0.03324401	-0.04293536	-0.07030646	-0.03464805
-0.02249713	-0.01623778	-0.02509404	-0.02802316	0.02867768	-0.04086392	-0.06530369	-0.03194149
-0.02118855	-0.01577403	-0.02441588	-0.02625015	0.02489008	-0.03881081	-0.06061843	-0.02941752
-0.01994156	-0.01528880	-0.02368097	-0.02456141	0.02172112	-0.03679507	-0.05625178	-0.02706422
-0.01876090	-0.01479205	-0.02290843	-0.02296398	0.01905707	-0.03483725	-0.05219899	-0.02488397
-0.01764370	-0.01428482	-0.02210939	-0.02145847	0.01680018	-0.03295047	-0.04845072	-0.02286757
-0.01659145	-0.01377147	-0.02129231	-0.02004741	0.01487820	-0.03114175	-0.04498711	-0.02100285
-0.01559925	-0.01325633	-0.02047131	-0.01872459	0.01323179	-0.02941979	-0.04179461	-0.01928865
-0.01466348	-0.01274872	-0.01964974	-0.01749008	0.01181473	-0.02777970	-0.03885380	-0.01771043
-0.01378776	-0.01224290	-0.01883815	-0.01634442	0.01058607	-0.02622830	-0.03614525	-0.01625918
-0.01348066	-0.01270615	-0.01897564	-0.01707907	0.00882437	-0.02739453	-0.03692238	-0.01656636
-0.01309621	-0.01313744	-0.01904147	-0.01769812	0.00697261	-0.02848835	-0.03752059	-0.01681219
-0.01263461	-0.01353011	-0.01903746	-0.01820542	0.00505882	-0.02949262	-0.03793345	-0.01699756
-0.01209074	-0.01388505	-0.01896682	-0.01859678	0.00311992	-0.03038774	-0.03816318	-0.01711737
-0.01147611	-0.01420151	-0.01883600	-0.01888385	0.00117794	-0.03117250	-0.03820616	-0.01717348
-0.01078626	-0.01447852	-0.01864717	-0.01906529	-0.00074157	-0.03181691	-0.03806564	-0.01716420
-0.01002668	-0.01471135	-0.01840686	-0.01915521	-0.00260640	-0.03231694	-0.03775622	-0.01709943
-0.00920864	-0.01490332	-0.01811807	-0.01915313	-0.00439697	-0.03266570	-0.03728028	-0.01697173
-0.00833037	-0.01505225	-0.01779182	-0.01906883	-0.00609487	-0.03285430	-0.03665344	-0.01678991
-0.00740733	-0.01515673	-0.01742576	-0.01891506	-0.00768006	-0.03287875	-0.03588928	-0.01655389
-0.00644044	-0.01521919	-0.01702936	-0.01869353	-0.00914004	-0.03273988	-0.03500298	-0.01627117
-0.00544463	-0.01524190	-0.01660417	-0.01841446	-0.01046663	-0.03243851	-0.03400977	-0.01594535
-0.00442503	-0.01522357	-0.01615998	-0.01808821	-0.01165103	-0.03197880	-0.03292900	-0.01557690
-0.00339329	-0.01516466	-0.01569803	-0.01771982	-0.01269020	-0.03136900	-0.03177358	-0.01517563
-0.00235830	-0.01507523	-0.01522323	-0.01731392	-0.01359041	-0.03062460	-0.03055878	-0.01474620
-0.00132796	-0.01494775	-0.01473889	-0.01688233	-0.01434652	-0.02974971	-0.02930471	-0.01429106
-0.00031609	-0.01479144	-0.01425123	-0.01642543	-0.01496681	-0.02876213	-0.02802152	-0.01381682
0.00067398	-0.01460272	-0.01375758	-0.01595425	-0.01546190	-0.02767688	-0.02672256	-0.01332733
0.00163366	-0.01438902	-0.01326358	-0.01547051	-0.01583095	-0.02651230	-0.02542425	-0.01282516
0.00255485	-0.01415258	-0.01277650	-0.01497635	-0.01609273	-0.02528004	-0.02412964	-0.01231968
0.00281993	-0.01475513	-0.01334177	-0.01561343	-0.01673926	-0.02676092	-0.02496416	-0.01227242
0.00310165	-0.01537493	-0.01391132	-0.01623299	-0.01732322	-0.02823117	-0.02575431	-0.01217039
0.00339263	-0.01600690	-0.01448450	-0.01683040	-0.01783135	-0.02967485	-0.02648491	-0.01200795
0.00369819	-0.01665239	-0.01505357	-0.01740220	-0.01825492	-0.03107295	-0.02714692	-0.01178292
0.00401345	-0.01730340	-0.01561570	-0.01793858	-0.01859882	-0.03240744	-0.02772709	-0.01148803
0.00433402	-0.01796142	-0.01616768	-0.01844159	-0.01885120	-0.03365993	-0.02822258	-0.01111476
0.00465899	-0.01862112	-0.01670802	-0.01889786	-0.01901208	-0.03480753	-0.02861470	-0.01066691
0.00498678	-0.01927678	-0.01723138	-0.01930809	-0.01907867	-0.03583324	-0.02890434	-0.01013554
0.00531173	-0.01992833	-0.01773150	-0.01966793	-0.01905602	-0.03671741	-0.02907981	-0.00951756
0.00563023	-0.02056745	-0.01820654	-0.01997012	-0.01894148	-0.03744129	-0.02913490	-0.00881487
0.00593606	-0.02118939	-0.01864656	-0.02021022	-0.01874014	-0.03798975	-0.02906948	-0.00802214
0.00622497	-0.02178571	-0.01905329	-0.02038855	-0.01846008	-0.03835320	-0.02887592	-0.00714545
0.00649301	-0.02235697	-0.01941539	-0.02050389	-0.01810129	-0.03852443	-0.02855658	-0.00618074
0.00673438	-0.02288716	-0.01973429	-0.02055170	-0.01767650	-0.03848964	-0.02811206	-0.00513598
0.00694238	-0.02337103	-0.02000400	-0.02053071	-0.01718676	-0.03825465	-0.02754982	-0.00401394
0.00711095	-0.02380490	-0.02021769	-0.02044301	-0.01664394	-0.03781884	-0.02687213	-0.00282304
0.00723372	-0.02417620	-0.02037448	-0.02028732	-0.01605626	-0.03719240	-0.02608547	-0.00156691
0.00731093	-0.02447724	-0.02047099	-0.02006831	-0.01542976	-0.03637836	-0.02520181	-0.00026313
0.00733419	-0.02469822	-0.02050534	-0.01978489	-0.01477573	-0.03539403	-0.02422865	0.00107909
0.00730125	-0.02483367	-0.02047293	-0.01944449	-0.01409644	-0.03425963	-0.02317848	0.00245059
0.00720861	-0.02487538	-0.02037191	-0.01904708	-0.01340378	-0.03299068	-0.02206494	0.00383805
0.00705410	-0.02481294	-0.02020747	-0.01859713	-0.01270354	-0.03160289	-0.02089948	0.00522324
0.00684332	-0.02464198	-0.01997719	-0.01810083	-0.01200316	-0.03012582	-0.01969570	0.00659308
0.00657263	-0.02436060	-0.01967724	-0.01756148	-0.01130377	-0.02857526	-0.01846933	0.00793323
0.00624780	-0.02395664	-0.01931830	-0.01698438	-0.01061507	-0.02697548	-0.01722482	0.00923071
0.00587260	-0.02343590	-0.01889469	-0.01637705	-0.00994004	-0.02534469	-0.01598019	0.01046649
0.00545089	-0.02279467	-0.01841899	-0.01574516	-0.00928414	-0.02370422	-0.01474770	0.01163460
0.00499106	-0.02203059	-0.01788648	-0.01509115	-0.00864406	-0.02207389	-0.01353251	0.01271878
0.00449565	-0.02115159	-0.01730604	-0.01442085	-0.00803196	-0.02046425	-0.01234636	0.01370821
0.00397437	-0.02016190	-0.01668230	-0.01374201	-0.00743970	-0.01888982	-0.01119353	0.01459875
0.00343866	-0.01906578	-0.01602059	-0.01305986	-0.00687610	-0.01736523	-0.01008656	0.01538414
0.00289054	-0.01787494	-0.01532491	-0.01237553	-0.00633817	-0.01589874	-0.00902678	0.01605998
0.00234260	-0.01660019	-0.01460371	-0.01169330	-0.00582816	-0.01449443	-0.00801482	0.01661968
0.00179619	-0.01525118	-0.01386143	-0.01102046	-0.00534770	-0.01316407	-0.00705932	0.01706664
0.00126348	-0.01384335	-0.01310783	-0.01035765	-0.00488948	-0.01190484	-0.00616035	0.01740261
0.00075164	-0.01239450	-0.01234252	-0.00970885	-0.00446192	-0.01072373	-0.00531820	0.01763089
0.00025470	-0.01091507	-0.01157338	-0.00907459	-0.00406112	-0.00961444	-0.00453383	0.01775400
-0.00020904	-0.00942179	-0.01080743	-0.00845999	-0.00368573	-0.00858655	-0.00380796	0.01777804
-0.00064508	-0.00793243	-0.01004843	-0.00786905	-0.00333577	-0.00763516	-0.00313847	0.01771388
-0.00104945	-0.00646041	-0.00930001	-0.00729581	-0.00300724	-0.00675408	-0.00252372	0.01756506
-0.00207579	-0.00647902	-0.00968466	-0.00741909	-0.00288543	-0.00677982	-0.00253419	0.01824612
-0.00313507	-0.00644501	-0.01006778	-0.00752653	-0.00275294	-0.00676831	-0.00253290	0.01892639
-0.00421275	-0.00635980	-0.01045376	-0.00762204	-0.00260732	-0.00671712	-0.00250623	0.01959205
-0.00529926	-0.00620749	-0.01083150	-0.00770145	-0.00245199	-0.00662839	-0.00245994	0.02024143
-0.00637762	-0.00598621	-0.01120299	-0.00776009	-0.00228782	-0.00649908	-0.00239422	0.02087427
-0.00744225	-0.00569066	-0.01155784	-0.00780111	-0.00211344	-0.00632836	-0.00230373	0.02147136
-0.00847244	-0.00530829	-0.01189982	-0.00781752	-0.00193430	-0.00611812	-0.00218662	0.02203705
-0.00945539	-0.00484174	-0.01221980	-0.00780799	-0.00174685	-0.00586763	-0.00204365	0.02256168
-0.01037987	-0.00428676	-0.01250810	-0.00776975	-0.00155177	-0.00557939	-0.00187110	0.02303125
-0.01123596	-0.00363246	-0.01276334	-0.00770489	-0.00135490	-0.00525636	-0.00167220	0.02345175
-0.01201103	-0.00289102	-0.01297915	-0.00760966	-0.00115117	-0.00490069	-0.00144321	0.02380681
-0.01269404	-0.00205495	-0.01314799	-0.00747957	-0.00094752	-0.00451722	-0.00118502	0.02409355
-0.01328164	-0.00112830	-0.01326289	-0.00731456	-0.00074147	-0.00410923	-0.00089935	0.02430476
-0.01376713	-0.00012336	-0.01331930	-0.00711386	-0.00053844	-0.00367703	-0.00058518	0.02443774
-0.01415002	0.00095568	-0.01330982	-0.00687694	-0.00033444	-0.00323014	-0.00024889	0.02448798
-0.01442370	0.00209851	-0.01322528	-0.00660185	-0.00013633	-0.00276905	0.00011410	0.02445625
-0.01459503	0.00328935	-0.01306190	-0.00628836	0.00005425	-0.00230076	0.00049765	0.02433627
-0.01466371	0.00451490	-0.01281108	-0.00593965	0.00024097	-0.00182930	0.00089836	0.02413315
-0.01463731	0.00576246	-0.01247781	-0.00555598	0.00041872	-0.00136005	0.00131447	0.02385043
-0.01451876	0.00700341	-0.01204906	-0.00513509	0.00058763	-0.00089270	0.00174057	0.02348206
-0.01431731	0.00823178	-0.01152817	-0.00468104	0.00074736	-0.00043719	0.00217553	0.02304172
-0.01404005	0.00942495	-0.01091469	-0.00419851	0.00089344	0.00000748	0.00261387	0.02253025
-0.01369502	0.01056746	-0.01021064	-0.00368710	0.00102819	0.00043326	0.00304926	0.02195249
-0.01329453	0.01164414	-0.00941857	-0.00315600	0.00114916	0.00084214	0.00348213	0.02131874
-0.01284552	0.01263904	-0.00854504	-0.00260460	0.00125607	0.00123094	0.00390753	0.02063582
-0.01235677	0.01354377	-0.00759608	-0.00204017	0.00134900	0.00159607	0.00431817	0.01991061
-0.01183590	0.01434761	-0.00658056	-0.00146275	0.00142743	0.00193874	0.00471258	0.01915501
-0.01129301	0.01504353	-0.00550757	-0.00088451	0.00149600	0.00225554	0.00508788	0.01837541
-0.01073559	0.01562689	-0.00439346	-0.00030683	0.00154600	0.00254535	0.00544255	0.01757836
-0.01017050	0.01610229	-0.00324760	0.00026295	0.00158295	0.00281151	0.00577230	0.01677346
-0.00959848	0.01646554	-0.00208515	0.00082163	0.00160684	0.00305129	0.00607595	0.01596752
-0.00903497	0.01671639	-0.00092058	0.00136583	0.00161602	0.00326363	0.00635173	0.01516422
-0.00847674	0.01686745	0.00023502	0.00188549	0.00161611	0.00345371	0.00659588	0.01437441
-0.00793042	0.01691790	0.00136409	0.00238275	0.00160249	0.00361883	0.00681259	0.01359909
-0.00739876	0.01688195	0.00245856	0.00284759	0.00157885	0.00375979	0.00699926	0.01284382
-0.00688554	0.01676401	0.00350462	0.00328050	0.00154673	0.00388021	0.00715603	0.01211475
-0.00638930	0.01656968	0.00448868	0.00367831	0.00150859	0.00397742	0.00728528	0.01141211
-0.00591332	0.01631218	0.00540965	0.00403756	0.00145612	0.00405821	0.00738171	0.01073774
-0.00546112	0.01600242	0.00625776	0.00435843	0.00140182	0.00411662	0.00745374	0.01009230
-0.00503080	0.01564311	0.00702560	0.00463868	0.00133705	0.00416345	0.00749767	0.00947970
-0.00535315	0.01541121	0.00648856	0.00458939	0.00137197	0.00409528	0.00750815	0.00982643
-0.00568097	0.01511266	0.00588815	0.00452840	0.00140976	0.00400695	0.00748887	0.01014006
-0.00602040	0.01474790	0.00521982	0.00444674	0.00145313	0.00390203	0.00744050	0.01041770
-0.00636818	0.01432340	0.00448390	0.00435396	0.00150233	0.00378067	0.00735888	0.01065300
-0.00672000	0.01384177	0.00369265	0.00424137	0.00155672	0.00363670	0.00724482	0.01084076
-0.00707567	0.01330435	0.00284883	0.00411473	0.00162084	0.00347397	0.00708814	0.01097153
-0.00743230	0.01271899	0.00195742	0.00397181	0.00169067	0.00329243	0.00689372	0.01104612
-0.00779082	0.01209289	0.00103133	0.00382184	0.00177173	0.00308629	0.00665643	0.01105688
-0.00814639	0.01143622	0.00008046	0.00365877	0.00186257	0.00286327	0.00637754	0.01099918
-0.00849249	0.01074664	-0.00088255	0.00348981	0.00196646	0.00261814	0.00605279	0.01087509
-0.00883423	0.01004384	-0.00184843	0.00331603	0.00208425	0.00235403	0.00568480	0.01068538
-0.00916741	0.00932509	-0.00279733	0.00314230	0.00221789	0.00207124	0.00526992	0.01042064
-0.00948262	0.00860403	-0.00371980	0.00297166	0.00237056	0.00176881	0.00481421	0.01009013
-0.00978367	0.00788246	-0.00459955	0.00281035	0.00254051	0.00144894	0.00431550	0.00968837
-0.01006987	0.00717082	-0.00542683	0.00266432	0.00273375	0.00111879	0.00377809	0.00922974
-0.01033241	0.00647179	-0.00619186	0.00253515	0.00294878	0.00077133	0.00320581	0.00871102
-0.01057742	0.00579318	-0.00688157	0.00243204	0.00318831	0.00041532	0.00260078	0.00813739
-0.01079599	0.00513980	-0.00748848	0.00235669	0.00345164	0.00005232	0.00197115	0.00751838
-0.01098893	0.00451211	-0.00800659	0.00231620	0.00374641	-0.00032113	0.00131765	0.00686504
-0.01115484	0.00391578	-0.00843495	0.00231291	0.00406983	-0.00069472	0.00064967	0.00617558
-0.01129427	0.00335172	-0.00876945	0.00235409	0.00442144	-0.00106794	-0.00002662	0.00546391
-0.01140314	0.00282251	-0.00900786	0.00243510	0.00480229	-0.00143909	-0.00069954	0.00473815
-0.01148558	0.00232764	-0.00915705	0.00256232	0.00521810	-0.00180488	-0.00137014	0.00400802
-0.01153759	0.00186882	-0.00922164	0.00273522	0.00566108	-0.00216093	-0.00202368	0.00327442
-0.01156258	0.00144681	-0.00920094	0.00295296	0.00613315	-0.00250570	-0.00266227	0.00255097
-0.01156097	0.00106025	-0.00910621	0.00320939	0.00663735	-0.00283619	-0.00326704	0.00184281
-0.01152859	0.00070737	-0.00894737	0.00350556	0.00716541	-0.00315119	-0.00384079	0.00115294
-0.01147149	0.00038897	-0.00872755	0.00383194	0.00771854	-0.00344286	-0.00437488	0.00049380
-0.01138961	0.00009959	-0.00845700	0.00418794	0.00829083	-0.00371550	-0.00486628	-0.00013439
-0.01128767	-0.00015786	-0.00814717	0.00456340	0.00888048	-0.00396700	-0.00530784	-0.00072934
-0.01128767	-0.00015786	-0.00814717	0.00456340	0.00888048	-0.00396700	-0.00530784	-0.00072934
-0.01116019	-0.00038597	-0.00779803	0.00494996	0.00947979	-0.00419229	-0.00569674	-0.00128523
-0.01084853	-0.00076518	-0.00703165	0.00574089	0.01069257	-0.00456928	-0.00631959	-0.00228161
-0.01066635	-0.00092106	-0.00662835	0.00613067	0.01129184	-0.00471452	-0.00654788	-0.00271868
-0.01047172	-0.00105447	-0.00621498	0.00650239	0.01188435	-0.00483730	-0.00672383	-0.00311032
-0.01026173	-0.00116863	-0.00580494	0.00685997	0.01245576	-0.00493523	-0.00684782	-0.00346512
-0.01004074	-0.00126447	-0.00539776	0.00719117	0.01300284	-0.00500494	-0.00692334	-0.00377723
-0.00981066	-0.00134502	-0.00499302	0.00749638	0.01352511	-0.00504924	-0.00695101	-0.00404958
-0.00957671	-0.00140943	-0.00460244	0.00776970	0.01400970	-0.00507227	-0.00693518	-0.00428759
-0.00933258	-0.00146184	-0.00422318	0.00800698	0.01445532	-0.00507216	-0.00688234	-0.00448979
-0.00974453	-0.00188342	-0.00510857	0.00721416	0.01523507	-0.00569292	-0.00802814	-0.00502015
-0.01016103	-0.00232236	-0.00602002	0.00631219	0.01599622	-0.00636153	-0.00925895	-0.00558359
-0.01057784	-0.00278787	-0.00695753	0.00530696	0.01672117	-0.00708516	-0.01057197	-0.00616742
-0.01099335	-0.00327465	-0.00790401	0.00419906	0.01740174	-0.00786019	-0.01196740	-0.00677697
-0.01140104	-0.00378524	-0.00886333	0.00300244	0.01801732	-0.00869224	-0.01343445	-0.00740593
-0.01179874	-0.00431571	-0.00981611	0.00172301	0.01855688	-0.00957821	-0.01497740	-0.00805159
-0.01218483	-0.00486342	-0.01076213	0.00037224	0.01899966	-0.01052264	-0.01657916	-0.00871425
-0.01255051	-0.00542524	-0.01168976	-0.00103244	0.01933265	-0.01152038	-0.01823153	-0.00938614
-0.01289784	-0.00600073	-0.01259223	-0.00247810	0.01953649	-0.01257518	-0.01992581	-0.01006225
-0.01321628	-0.00658821	-0.01345929	-0.00395024	0.01959671	-0.01368157	-0.02164315	-0.01073954
-0.01350255	-0.00718149	-0.01428296	-0.00542703	0.01949929	-0.01483735	-0.02336732	-0.01141015
-0.01375246	-0.00777833	-0.01505852	-0.00689100	0.01923012	-0.01603783	-0.02508455	-0.01207208
-0.01396006	-0.00837630	-0.01577305	-0.00832715	0.01878326	-0.01727754	-0.02677477	-0.01271638
-0.01411964	-0.00896963	-0.01643151	-0.00971477	0.01814851	-0.01854698	-0.02841445	-0.01333812
-0.01422382	-0.00955768	-0.01701605	-0.01104601	0.01732231	-0.01983738	-0.02998674	-0.01392951
-0.01427280	-0.01013247	-0.01753158	-0.01229631	0.01631115	-0.02114208	-0.03147073	-0.01448672
-0.01425620	-0.01069321	-0.01797271	-0.01346372	0.01511995	-0.02244647	-0.03284370	-0.01500359
-0.01417099	-0.01123413	-0.01833651	-0.01452994	0.01375763	-0.02373790	-0.03409148	-0.01547444
-0.01401824	-0.01175013	-0.01862641	-0.01549044	0.01224018	-0.02500376	-0.03519829	-0.01589426
-0.01378780	-0.01224444	-0.01883851	-0.01634336	0.01058878	-0.02622896	-0.03614477	-0.01626048
-0.01296576	-0.01174440	-0.01804056	-0.01527445	0.00952245	-0.02475980	-0.03365449	-0.01492899
-0.01219503	-0.01125743	-0.01726235	-0.01428239	0.00859175	-0.02338104	-0.03136099	-0.01370963
-0.01147462	-0.01078029	-0.01650430	-0.01336249	0.00777672	-0.02207816	-0.02924960	-0.01259090
-0.01079952	-0.01031924	-0.01577010	-0.01250806	0.00705940	-0.02085711	-0.02730421	-0.01156760
-0.01016819	-0.00987092	-0.01505963	-0.01171436	0.00642580	-0.01970495	-0.02551451	-0.01062969
-0.00957732	-0.00943543	-0.01437698	-0.01097897	0.00586539	-0.01862613	-0.02386579	-0.00977271
-0.00902655	-0.00901499	-0.01372003	-0.01029814	0.00536768	-0.01761395	-0.02234263	-0.00898683
-0.00850692	-0.00861146	-0.01309067	-0.00966735	0.00492252	-0.01666349	-0.02093823	-0.00826769
-0.00802639	-0.00822440	-0.01248828	-0.00907850	0.00452603	-0.01577210	-0.01964362	-0.00760829
-0.00757761	-0.00784998	-0.01191194	-0.00853377	0.00416666	-0.01493742	-0.01844481	-0.00700644
-0.00737100	-0.00811149	-0.01203002	-0.00889676	0.00357014	-0.01537497	-0.01876993	-0.00712900
-0.00713443	-0.00835643	-0.01211031	-0.00922388	0.00294712	-0.01578308	-0.01903975	-0.00723403
-0.00686737	-0.00858560	-0.01216326	-0.00951287	0.00230839	-0.01614717	-0.01925195	-0.00732157
-0.00656977	-0.00879599	-0.01218264	-0.00976349	0.00166101	-0.01647636	-0.01940300	-0.00738605
-0.00624600	-0.00898883	-0.01217262	-0.00997738	0.00100157	-0.01675993	-0.01949722	-0.00743090
-0.00589212	-0.00916138	-0.01213406	-0.01015290	0.00034607	-0.01699925	-0.01952967	-0.00745813
-0.00551465	-0.00931339	-0.01206871	-0.01029387	-0.00031020	-0.01718463	-0.01950374	-0.00746457
-0.00511301	-0.00944502	-0.01197727	-0.01039788	-0.00095307	-0.01732321	-0.01942315	-0.00745054
-0.00468873	-0.00955554	-0.01186388	-0.01046738	-0.00157895	-0.01740670	-0.01928564	-0.00741706
-0.00424800	-0.00964581	-0.01172641	-0.01050450	-0.00218424	-0.01743756	-0.01909396	-0.00736577
-0.00378853	-0.00971699	-0.01156943	-0.01051318	-0.00276872	-0.01741371	-0.01885587	-0.00729695
-0.00331895	-0.00976488	-0.01139759	-0.01048956	-0.00332602	-0.01733627	-0.01857371	-0.00721489
-0.00283826	-0.00979361	-0.01120463	-0.01044365	-0.00385114	-0.01720631	-0.01824823	-0.00711396
-0.00235173	-0.00980351	-0.01099944	-0.01037132	-0.00434094	-0.01702221	-0.01788528	-0.00700065
-0.00185715	-0.00979322	-0.01078036	-0.01027887	-0.00480045	-0.01679513	-0.01748851	-0.00687179
-0.00136709	-0.00976449	-0.01055316	-0.01016225	-0.00522062	-0.01651551	-0.01706083	-0.00673203
-0.00087808	-0.00971838	-0.01031355	-0.01003012	-0.00560471	-0.01619337	-0.01661116	-0.00658362
-0.00039178	-0.00965463	-0.01006720	-0.00988110	-0.00595065	-0.01582898	-0.01613543	-0.00642449
0.00008519	-0.00957517	-0.00981198	-0.00971673	-0.00625739	-0.01543256	-0.01564341	-0.00625922
0.00054987	-0.00948039	-0.00955762	-0.00954355	-0.00652987	-0.01499807	-0.01513975	-0.00608597
0.00061009	-0.00975209	-0.00986926	-0.00984788	-0.00678467	-0.01551355	-0.01545141	-0.00593636
0.00067256	-0.01002321	-0.01017285	-0.01013816	-0.00702043	-0.01601002	-0.01573847	-0.00576155
0.00073094	-0.01029133	-0.01047263	-0.01041731	-0.00723349	-0.01647948	-0.01599180	-0.00555939
0.00079079	-0.01055327	-0.01076348	-0.01067852	-0.00742383	-0.01692175	-0.01621214	-0.00532954
0.00085032	-0.01080953	-0.01104563	-0.01092692	-0.00758984	-0.01732947	-0.01639443	-0.00506672
0.00090651	-0.01105926	-0.01132128	-0.01115445	-0.00772880	-0.01769641	-0.01653829	-0.00477234
0.00096179	-0.01129918	-0.01158399	-0.01136094	-0.00784172	-0.01802170	-0.01664104	-0.00445440
0.00101334	-0.01152502	-0.01183176	-0.01154527	-0.00792639	-0.01829985	-0.01669759	-0.00409944
0.00105984	-0.01174163	-0.01206360	-0.01170775	-0.00798327	-0.01853014	-0.01671109	-0.00371656
0.00110344	-0.01194100	-0.01227837	-0.01184027	-0.00801339	-0.01870703	-0.01667753	-0.00330461
0.00113564	-0.01212105	-0.01247355	-0.01194827	-0.00801406	-0.01882643	-0.01659567	-0.00286509
0.00116828	-0.01228123	-0.01264869	-0.01203070	-0.00799137	-0.01888572	-0.01646836	-0.00239791
0.00119026	-0.01241996	-0.01280176	-0.01208398	-0.00794108	-0.01888984	-0.01629371	-0.00190609
0.00120520	-0.01253308	-0.01292610	-0.01210761	-0.00786273	-0.01883336	-0.01607367	-0.00138657
0.00121224	-0.01262002	-0.01302870	-0.01210241	-0.00776406	-0.01871663	-0.01580904	-0.00084831
0.00120960	-0.01267851	-0.01310296	-0.01206894	-0.00764328	-0.01854164	-0.01550007	-0.00029431
0.00119723	-0.01270260	-0.01314876	-0.01200513	-0.00750282	-0.01830795	-0.01515200	0.00027557
0.00117417	-0.01269500	-0.01316632	-0.01191512	-0.00733819	-0.01802185	-0.01476528	0.00085719
0.00114069	-0.01265088	-0.01315310	-0.01179464	-0.00716267	-0.01768416	-0.01434166	0.00144799
0.00109480	-0.01256991	-0.01310817	-0.01165107	-0.00697034	-0.01729619	-0.01388969	0.00204025
0.00104279	-0.01244886	-0.01303470	-0.01148073	-0.00676497	-0.01686310	-0.01340419	0.00263718
0.00097525	-0.01229060	-0.01292991	-0.01128504	-0.00655133	-0.01638856	-0.01289981	0.00322480
0.00090148	-0.01208893	-0.01279319	-0.01106938	-0.00632299	-0.01588080	-0.01237381	0.00380701
0.00081569	-0.01184723	-0.01262771	-0.01082839	-0.00609072	-0.01533915	-0.01182805	0.00437606
0.00072123	-0.01156371	-0.01243345	-0.01057185	-0.00585470	-0.01477125	-0.01126715	0.00492618
0.00061666	-0.01124009	-0.01221073	-0.01029792	-0.00561289	-0.01418136	-0.01070382	0.00545828
0.00050716	-0.01087673	-0.01196171	-0.01000824	-0.00537064	-0.01357657	-0.01013152	0.00596472
0.00038772	-0.01047623	-0.01168828	-0.00970377	-0.00512780	-0.01296054	-0.00955853	0.00644483
0.00026616	-0.01003423	-0.01139025	-0.00938989	-0.00488215	-0.01233588	-0.00898577	0.00689451
0.00013555	-0.00956067	-0.01107023	-0.00906377	-0.00464219	-0.01170968	-0.00842042	0.00731005
0.00000392	-0.00905339	-0.01073179	-0.00873284	-0.00440675	-0.01108460	-0.00785830	0.00769193
-0.00012603	-0.00851908	-0.01037664	-0.00839839	-0.00417160	-0.01046418	-0.00731159	0.00803779
-0.00026079	-0.00795706	-0.01000246	-0.00805358	-0.00394228	-0.00985494	-0.00677588	0.00834305
-0.00039623	-0.00737101	-0.00961613	-0.00771161	-0.00371742	-0.00925311	-0.00625347	0.00860997
-0.00052655	-0.00677116	-0.00922162	-0.00736714	-0.00350013	-0.00866764	-0.00574774	0.00883660
-0.00065771	-0.00615566	-0.00881838	-0.00702770	-0.00328972	-0.00809990	-0.00526230	0.00902669
-0.00078589	-0.00553112	-0.00841018	-0.00668770	-0.00308537	-0.00754824	-0.00479290	0.00917416
-0.00090798	-0.00489742	-0.00799671	-0.00635178	-0.00289042	-0.00701872	-0.00434552	0.00928456
-0.00102528	-0.00426973	-0.00758257	-0.00602081	-0.00270222	-0.00650923	-0.00391769	0.00935978
-0.00113616	-0.00364098	-0.00716888	-0.00569820	-0.00251970	-0.00601887	-0.00351212	0.00939945
-0.00159943	-0.00357709	-0.00735779	-0.00575539	-0.00243936	-0.00605670	-0.00355093	0.00963858
-0.00206673	-0.00349320	-0.00754148	-0.00580477	-0.00235201	-0.00607482	-0.00357651	0.00987169
-0.00253847	-0.00338441	-0.00771768	-0.00584627	-0.00225861	-0.00607675	-0.00359297	0.01009477
-0.00300457	-0.00325440	-0.00788604	-0.00587476	-0.00215876	-0.00605527	-0.00359832	0.01030606
-0.00346934	-0.00309917	-0.00804523	-0.00589280	-0.00205448	-0.00601809	-0.00358677	0.01050922
-0.00392342	-0.00291646	-0.00818907	-0.00589686	-0.00194762	-0.00595894	-0.00356561	0.01069603
-0.00436718	-0.00270592	-0.00831808	-0.00589163	-0.00183424	-0.00587801	-0.00352755	0.01086873
-0.00479531	-0.00246963	-0.00843238	-0.00586880	-0.00171526	-0.00577889	-0.00347835	0.01102470
-0.00520497	-0.00220412	-0.00852616	-0.00583072	-0.00159293	-0.00565738	-0.00340909	0.01116282
-0.00558900	-0.00191377	-0.00860298	-0.00577584	-0.00146632	-0.00551956	-0.00333088	0.01128059
-0.00595159	-0.00159809	-0.00865328	-0.00570753	-0.00134007	-0.00536094	-0.00323129	0.01137916
-0.00628586	-0.00125862	-0.00868294	-0.00562301	-0.00121016	-0.00518586	-0.00311804	0.01145352
-0.00658787	-0.00089607	-0.00868248	-0.00552167	-0.00107988	-0.00499888	-0.00298703	0.01150671
-0.00686024	-0.00051061	-0.00865684	-0.00539973	-0.00094898	-0.00479286	-0.00284326	0.01153968
-0.00709670	-0.00010896	-0.00860042	-0.00526117	-0.00081670	-0.00457631	-0.00268436	0.01154305
-0.00729903	0.00031084	-0.00851363	-0.00510750	-0.00068734	-0.00434595	-0.00251123	0.01152339
-0.00746766	0.00073985	-0.00839094	-0.00493326	-0.00055771	-0.00410859	-0.00232531	0.01147988
-0.00760075	0.00117981	-0.00823871	-0.00474334	-0.00043220	-0.00386172	-0.00213001	0.01141432
-0.00769808	0.00162867	-0.00805202	-0.00453612	-0.00030867	-0.00361080	-0.00191964	0.01132167
-0.00776098	0.00207515	-0.00782712	-0.00431416	-0.00018798	-0.00334864	-0.00169852	0.01120544
-0.00778760	0.00252086	-0.00757430	-0.00407837	-0.00007322	-0.00308956	-0.00147071	0.01106784
-0.00778586	0.00296304	-0.00728464	-0.00382653	0.00003620	-0.00282600	-0.00123496	0.01091088
-0.00775449	0.00339553	-0.00696403	-0.00356332	0.00014105	-0.00256385	-0.00099600	0.01073036
-0.00769254	0.00381772	-0.00661252	-0.00328563	0.00024075	-0.00230553	-0.00075021	0.01053373
-0.00760560	0.00422528	-0.00623222	-0.00300150	0.00033591	-0.00204788	-0.00050406	0.01031784
-0.00749341	0.00461031	-0.00582364	-0.00270848	0.00042088	-0.00179291	-0.00025457	0.01008621
-0.00735940	0.00497142	-0.00539019	-0.00240669	0.00050188	-0.00154766	-0.00000812	0.00984249
-0.00720704	0.00531297	-0.00493466	-0.00210386	0.00057460	-0.00130823	0.00023765	0.00958472
-0.00703631	0.00562772	-0.00446307	-0.00179640	0.00064164	-0.00107417	0.00048007	0.00931724
-0.00685127	0.00591206	-0.00397425	-0.00148934	0.00069912	-0.00085039	0.00071574	0.00904274
-0.00665210	0.00617129	-0.00347544	-0.00118233	0.00074994	-0.00063543	0.00094713	0.00875998
-0.00644440	0.00640316	-0.00296878	-0.00087813	0.00079508	-0.00042938	0.00116867	0.00847485
-0.00622725	0.00660198	-0.00245924	-0.00058095	0.00083581	-0.00023417	0.00138174	0.00818748
-0.00600376	0.00676812	-0.00195055	-0.00028992	0.00086558	-0.00004677	0.00158586	0.00789404
-0.00577727	0.00690931	-0.00144187	-0.00000617	0.00088981	0.00012333	0.00177825	0.00760496
-0.00554644	0.00701963	-0.00094419	0.00026446	0.00090596	0.00028958	0.00196063	0.00731676
-0.00531537	0.00710213	-0.00045790	0.00052775	0.00091582	0.00044165	0.00213225	0.00703078
-0.00508341	0.00715663	0.00001551	0.00077810	0.00092209	0.00058519	0.00228923	0.00674827
-0.00485324	0.00718728	0.00047195	0.00101321	0.00092330	0.00071678	0.00243645	0.00646982
-0.00462559	0.00719218	0.00090875	0.00123036	0.00091862	0.00083656	0.00257171	0.00619896
-0.00481295	0.00699191	0.00057110	0.00114631	0.00095272	0.00071341	0.00244161	0.00628062
-0.00500309	0.00677298	0.00021574	0.00104861	0.00099107	0.00057890	0.00229606	0.00634342
-0.00519208	0.00653103	-0.00015364	0.00095089	0.00103431	0.00043465	0.00213288	0.00638401
-0.00537964	0.00627007	-0.00053702	0.00084809	0.00108178	0.00028336	0.00195473	0.00640360
-0.00556791	0.00599170	-0.00093124	0.00074129	0.00113267	0.00012022	0.00176278	0.00639625
-0.00575481	0.00569816	-0.00132987	0.00063057	0.00118917	-0.00004925	0.00155097	0.00636581
-0.00593677	0.00539228	-0.00173473	0.00052090	0.00125316	-0.00022792	0.00132118	0.00631024
-0.00611845	0.00507445	-0.00214092	0.00040934	0.00132277	-0.00041456	0.00107705	0.00622751
-0.00629321	0.00474653	-0.00254331	0.00029719	0.00140007	-0.00060436	0.00081776	0.00611932
-0.00646188	0.00441304	-0.00294324	0.00018993	0.00148301	-0.00080686	0.00054137	0.00598359
-0.00662341	0.00407383	-0.00333337	0.00008375	0.00157669	-0.00101172	0.00025277	0.00582121
-0.00677955	0.00373499	-0.00371207	-0.00001831	0.00167600	-0.00122193	-0.00005030	0.00563253
-0.00692542	0.00339359	-0.00407259	-0.00011347	0.00178644	-0.00144149	-0.00036530	0.00542065
-0.00706179	0.00305601	-0.00441942	-0.00020086	0.00190377	-0.00165592	-0.00068834	0.00518435
-0.00719121	0.00272338	-0.00474353	-0.00027847	0.00203306	-0.00187749	-0.00102318	0.00492646
-0.00730478	0.00239565	-0.00504051	-0.00034720	0.00217192	-0.00209886	-0.00136161	0.00464663
-0.00740962	0.00207714	-0.00531138	-0.00040042	0.00232014	-0.00232152	-0.00170497	0.00434996
-0.00750482	0.00177008	-0.00555725	-0.00044535	0.00248083	-0.00254004	-0.00204919	0.00403645
-0.00758234	0.00146994	-0.00577009	-0.00047241	0.00265219	-0.00275965	-0.00239527	0.00370767
-0.00765302	0.00118443	-0.00595484	-0.00048535	0.00283093	-0.00297382	-0.00273872	0.00336755
-0.00770551	0.00090790	-0.00610535	-0.00048154	0.00302569	-0.00318060	-0.00307950	0.00302177
-0.00774767	0.00065013	-0.00622260	-0.00046300	0.00322844	-0.00338408	-0.00341022	0.00266601
-0.00777140	0.00040668	-0.00631075	-0.00042745	0.00344258	-0.00357893	-0.00373004	0.00230886
-0.00778832	0.00017619	-0.00636437	-0.00037425	0.00366388	-0.00376503	-0.00403933	0.00194699
-0.00779178	-0.00003765	-0.00638882	-0.00030278	0.00389498	-0.00393796	-0.00433441	0.00159109
-0.00777877	-0.00023763	-0.00638697	-0.00021661	0.00413468	-0.00410451	-0.00461234	0.00123362
-0.00775601	-0.00042011	-0.00635472	-0.00011545	0.00438378	-0.00425804	-0.00487240	0.00088965
-0.00772038	-0.00059164	-0.00629745	0.00000085	0.00463325	-0.00440114	-0.00511242	0.00054761
-0.00767095	-0.00074734	-0.00621709	0.00013013	0.00489409	-0.00452570	-0.00533123	0.00021521
-0.00761133	-0.00088816	-0.00611231	0.00026787	0.00515543	-0.00463985	-0.00552694	-0.00010563
-0.00754014	-0.00101417	-0.00598939	0.00042216	0.00541898	-0.00474151	-0.00569994	-0.00041215
-0.00746029	-0.00112792	-0.00584759	0.00058288	0.00568583	-0.00482660	-0.00584800	-0.00070467
-0.00737225	-0.00122957	-0.00569051	0.00074930	0.00594914	-0.00489351	-0.00597246	-0.00098246
-0.00727550	-0.00131780	-0.00552041	0.00092005	0.00620866	-0.00495040	-0.00607002	-0.00124560
-0.00716829	-0.00139514	-0.00534046	0.00109527	0.00646235	-0.00498985	-0.00614586	-0.00149027
-0.00705259	-0.00146112	-0.00515425	0.00127080	0.00671359	-0.00501715	-0.00619674	-0.00171781
-0.00693351	-0.00152008	-0.00495869	0.00144695	0.00695406	-0.00502809	-0.00622444	-0.00193094
-0.00680877	-0.00156889	-0.00475750	0.00161929	0.00718520	-0.00502713	-0.00623021	-0.00212536
-0.00667687	-0.00160585	-0.00455316	0.00179086	0.00740595	-0.00501387	-0.00621345	-0.00230266
-0.00654272	-0.00163875	-0.00434944	0.00195689	0.00761053	-0.00498559	-0.00618025	-0.00246367
-0.00673322	-0.00190524	-0.00482492	0.00152268	0.00779348	-0.00537640	-0.00677487	-0.00269525
-0.00691805	-0.00218301	-0.00530749	0.00106176	0.00795562	-0.00578971	-0.00739108	-0.00293144
-0.00709591	-0.00247197	-0.00579082	0.00057016	0.00808732	-0.00621867	-0.00803370	-0.00317633
-0.00726465	-0.00277066	-0.00627925	0.00005671	0.00819096	-0.00666388	-0.00868718	-0.00342463
-0.00742602	-0.00307799	-0.00676375	-0.00048055	0.00826005	-0.00713085	-0.00936041	-0.00367895
-0.00757786	-0.00339150	-0.00724382	-0.00103703	0.00830002	-0.00761238	-0.01004243	-0.00393423
-0.00771523	-0.00371111	-0.00771424	-0.00160844	0.00829597	-0.00810540	-0.01073872	-0.00418946
-0.00783785	-0.00403863	-0.00817533	-0.00219138	0.00825193	-0.00862009	-0.01143582	-0.00444955
-0.00794304	-0.00436860	-0.00862010	-0.00278226	0.00816679	-0.00914282	-0.01213720	-0.00470611
-0.00803245	-0.00470141	-0.00904765	-0.00337424	0.00803486	-0.00967592	-0.01282731	-0.00495965
-0.00810053	-0.00503861	-0.00945564	-0.00396471	0.00785621	-0.01021952	-0.01351621	-0.00520940
-0.00814823	-0.00537144	-0.00984158	-0.00455056	0.00762875	-0.01076441	-0.01418687	-0.00545383
-0.00817192	-0.00570483	-0.01020481	-0.00512536	0.00735381	-0.01131465	-0.01483762	-0.00568977
-0.00817193	-0.00603301	-0.01054016	-0.00568404	0.00702666	-0.01186470	-0.01546503	-0.00591648
-0.00814599	-0.00635935	-0.01084714	-0.00622814	0.00665859	-0.01240834	-0.01606470	-0.00613236
-0.00808962	-0.00667564	-0.01112564	-0.00674515	0.00623884	-0.01294671	-0.01662651	-0.00633718
-0.00800665	-0.00698517	-0.01136810	-0.00723826	0.00577804	-0.01347120	-0.01715160	-0.00652891
-0.00789491	-0.00728732	-0.01158138	-0.00770271	0.00527633	-0.01398199	-0.01763075	-0.00670361
-0.00774969	-0.00757523	-0.01176240	-0.00813511	0.00473861	-0.01447169	-0.01805988	-0.00686416
-0.00757512	-0.00784856	-0.01191189	-0.00853337	0.00416897	-0.01493789	-0.01844390	-0.00700667
-0.00715439	-0.00749336	-0.01136365	-0.00802760	0.00384791	-0.01415358	-0.01733389	-0.00645243
-0.00675815	-0.00715111	-0.01083785	-0.00755748	0.00356055	-0.01341727	-0.01630625	-0.00594738
-0.00638828	-0.00682337	-0.01034215	-0.00712159	0.00329748	-0.01273088	-0.01535474	-0.00548373
-0.00604296	-0.00650866	-0.00986725	-0.00671345	0.00306034	-0.01208212	-0.01447011	-0.00505975
-0.00572042	-0.00621024	-0.00941552	-0.00633540	0.00284587	-0.01147516	-0.01365092	-0.00467049
-0.00541599	-0.00592694	-0.00898645	-0.00598307	0.00265080	-0.01090650	-0.01288793	-0.00431089
-0.00513355	-0.00565467	-0.00857948	-0.00565389	0.00247094	-0.01036728	-0.01217998	-0.00398415
-0.00486680	-0.00539480	-0.00819084	-0.00534681	0.00231071	-0.00986383	-0.01151868	-0.00368331
-0.00461814	-0.00514795	-0.00782354	-0.00506201	0.00216097	-0.00938922	-0.01090348	-0.00340383
-0.00438428	-0.00491329	-0.00747688	-0.00479468	0.00202476	-0.00894393	-0.01032987	-0.00314851
-0.00425531	-0.00506314	-0.00755954	-0.00498505	0.00177018	-0.00912975	-0.01048497	-0.00320412
-0.00411688	-0.00520500	-0.00762953	-0.00516346	0.00150740	-0.00930078	-0.01062029	-0.00325189
-0.00396356	-0.00533804	-0.00768189	-0.00532967	0.00123684	-0.00945777	-0.01073048	-0.00329666
-0.00379872	-0.00546421	-0.00772283	-0.00547686	0.00096293	-0.00959192	-0.01082487	-0.00332970
-0.00362143	-0.00557996	-0.00774943	-0.00561182	0.00068470	-0.00971254	-0.01089077	-0.00335916
-0.00343261	-0.00568880	-0.00776045	-0.00573474	0.00040580	-0.00981420	-0.01093526	-0.00337958
-0.00323328	-0.00578576	-0.00775770	-0.00583993	0.00012653	-0.00989655	-0.01095635	-0.00339288
-0.00302493	-0.00587405	-0.00774026	-0.00593151	-0.00015575	-0.00995653	-0.01095788	-0.00339966
-0.00280717	-0.00595184	-0.00771362	-0.00600951	-0.00042929	-0.00999853	-0.01093292	-0.00340049
-0.00258120	-0.00601819	-0.00767631	-0.00607026	-0.00070106	-0.01001931	-0.01089280	-0.00339416
-0.00234883	-0.00607578	-0.00762131	-0.00611801	-0.00096571	-0.01001797	-0.01082607	-0.00338120
-0.00211193	-0.00612667	-0.00756112	-0.00615701	-0.00122355	-0.00999578	-0.01073954	-0.00336243
-0.00186571	-0.00616160	-0.00748722	-0.00617660	-0.00147406	-0.00995287	-0.01063919	-0.00333516
-0.00162082	-0.00618893	-0.00740684	-0.00618654	-0.00171759	-0.00988927	-0.01051709	-0.00330506
-0.00137161	-0.00620766	-0.00731518	-0.00618497	-0.00194552	-0.00980649	-0.01037996	-0.00326861
-0.00111973	-0.00621568	-0.00721908	-0.00617312	-0.00216640	-0.00970154	-0.01022488	-0.00322532
-0.00086794	-0.00621379	-0.00711315	-0.00614785	-0.00237681	-0.00958278	-0.01005842	-0.00318047
-0.00061827	-0.00620515	-0.00699915	-0.00611388	-0.00257605	-0.00944399	-0.00987794	-0.00312921
-0.00036968	-0.00618406	-0.00688350	-0.00607216	-0.00275951	-0.00928864	-0.00968479	-0.00307430
-0.00012537	-0.00615743	-0.00676131	-0.00602197	-0.00293214	-0.00911726	-0.00948267	-0.00301390
-0.00011634	-0.00626679	-0.00691887	-0.00616931	-0.00304950	-0.00931725	-0.00959919	-0.00288808
-0.00010436	-0.00637252	-0.00707209	-0.00631022	-0.00315749	-0.00950449	-0.00970196	-0.00274682
-0.00009801	-0.00647459	-0.00722085	-0.00644331	-0.00326163	-0.00967901	-0.00979174	-0.00259627
-0.00009001	-0.00656654	-0.00736214	-0.00656870	-0.00335258	-0.00983949	-0.00986336	-0.00243342
-0.00008366	-0.00665613	-0.00749945	-0.00668301	-0.00343825	-0.00998278	-0.00991844	-0.00225879
-0.00007910	-0.00673632	-0.00762958	-0.00679058	-0.00351813	-0.01010768	-0.00995766	-0.00206909
-0.00007346	-0.00681066	-0.00775041	-0.00688700	-0.00358511	-0.01021734	-0.00997160	-0.00187212
-0.00007318	-0.00687774	-0.00786437	-0.00697149	-0.00364313	-0.01030732	-0.00997282	-0.00166014
-0.00007110	-0.00693186	-0.00796604	-0.00704679	-0.00369129	-0.01037687	-0.00995193	-0.00143879
-0.00007206	-0.00697810	-0.00806046	-0.00710866	-0.00372855	-0.01042398	-0.00991401	-0.00120573
-0.00007405	-0.00701015	-0.00814125	-0.00716005	-0.00375803	-0.01045141	-0.00985356	-0.00096406
-0.00007761	-0.00703278	-0.00821518	-0.00719867	-0.00377717	-0.01045675	-0.00977679	-0.00071389
-0.00008768	-0.00704217	-0.00827254	-0.00722169	-0.00378659	-0.01044115	-0.00967872	-0.00045517
-0.00009524	-0.00703887	-0.00831949	-0.00723322	-0.00378248	-0.01040314	-0.00955934	-0.00019101
-0.00010777	-0.00702391	-0.00835079	-0.00723360	-0.00377432	-0.01034191	-0.00942706	0.00008479
-0.00011993	-0.00699123	-0.00837016	-0.00722057	-0.00375381	-0.01026079	-0.00927341	0.00036113
-0.00013667	-0.00694608	-0.00837537	-0.00719567	-0.00372629	-0.01015823	-0.00910278	0.00064187
-0.00015577	-0.00688418	-0.00836694	-0.00715505	-0.00368782	-0.01003628	-0.00891662	0.00092615
-0.00017832	-0.00680682	-0.00834461	-0.00710277	-0.00364298	-0.00989207	-0.00871573	0.00121078
-0.00020151	-0.00671507	-0.00830633	-0.00703990	-0.00358854	-0.00973161	-0.00849881	0.00149435
-0.00022726	-0.00660569	-0.00825572	-0.00696253	-0.00353239	-0.00955224	-0.00827318	0.00177824
-0.00025505	-0.00648153	-0.00818994	-0.00687767	-0.00346558	-0.00935745	-0.00803272	0.00205855
-0.00028697	-0.00633760	-0.00810846	-0.00677791	-0.00339691	-0.00914591	-0.00778181	0.00233378
-0.00032026	-0.00618013	-0.00801447	-0.00666986	-0.00331906	-0.00892126	-0.00752295	0.00260550
-0.00035441	-0.00600808	-0.00790567	-0.00655217	-0.00323869	-0.00868604	-0.00725627	0.00286852
-0.00039032	-0.00582158	-0.00778601	-0.00642557	-0.00315223	-0.00843743	-0.00698198	0.00312156
-0.00042874	-0.00561730	-0.00765062	-0.00629025	-0.00306316	-0.00817868	-0.00670327	0.00336738
-0.00046763	-0.00540046	-0.00750825	-0.00614699	-0.00297361	-0.00791422	-0.00642227	0.00360302
-0.00051083	-0.00516980	-0.00734966	-0.00600005	-0.00287703	-0.00764230	-0.00613697	0.00382512
-0.00055155	-0.00492697	-0.00718040	-0.00584128	-0.00278448	-0.00736508	-0.00585335	0.00403621
-0.00059317	-0.00467463	-0.00700405	-0.00568231	-0.00268788	-0.00708463	-0.00556616	0.00423512
-0.00063527	-0.00440792	-0.00681867	-0.00551562	-0.00258936	-0.00680383	-0.00528291	0.00441621
-0.00067960	-0.00413457	-0.00662195	-0.00534558	-0.00249184	-0.00652088	-0.00499983	0.00458371
-0.00071812	-0.00385428	-0.00642218	-0.00517269	-0.00239377	-0.00623680	-0.00472023	0.00473572
-0.00075995	-0.00356607	-0.00621201	-0.00499750	-0.00229625	-0.00595442	-0.00444669	0.00487593
-0.00080283	-0.00327303	-0.00599884	-0.00482448	-0.00219677	-0.00567411	-0.00417629	0.00499507
-0.00084237	-0.00297785	-0.00577988	-0.00464503	-0.00210298	-0.00539665	-0.00391190	0.00509953
-0.00088476	-0.00267753	-0.00555841	-0.00446646	-0.00200659	-0.00512698	-0.00365693	0.00518999
-0.00091852	-0.00237812	-0.00533327	-0.00429207	-0.00191390	-0.00486109	-0.00340668	0.00526615
-0.00095517	-0.00207910	-0.00510814	-0.00411476	-0.00182142	-0.00460150	-0.00316437	0.00532349
-0.00118325	-0.00202252	-0.00519102	-0.00413161	-0.00176605	-0.00462507	-0.00318743	0.00541580
-0.00141275	-0.00195474	-0.00526822	-0.00414374	-0.00170632	-0.00463975	-0.00320711	0.00550308
-0.00164127	-0.00187803	-0.00533869	-0.00415107	-0.00164291	-0.00464363	-0.00321648	0.00558706
-0.00164127	-0.00187803	-0.00533869	-0.00415107	-0.00164291	-0.00464363	-0.00321648	0.00558706
-0.00186933	-0.00178988	-0.00540437	-0.00414924	-0.00157424	-0.00463863	-0.00322205	0.00566494
-0.00186933	-0.00178988	-0.00540437	-0.00414924	-0.00157424	-0.00463863	-0.00322205	0.00566494
-0.00231164	-0.00158935	-0.00550865	-0.00412733	-0.00143187	-0.00459681	-0.00320714	0.00580437
-0.00231164	-0.00158935	-0.00550865	-0.00412733	-0.00143187	-0.00459681	-0.00320714	0.00580437
-0.00273510	-0.00134637	-0.00557867	-0.00407722	-0.00128392	-0.00451539	-0.00316281	0.00592071
-0.00273510	-0.00134637	-0.00557867	-0.00407722	-0.00128392	-0.00451539	-0.00316281	0.00592071
-0.00312826	-0.00106613	-0.00560474	-0.00399478	-0.00112352	-0.00439381	-0.00308477	0.00600533
-0.00348350	-0.00075238	-0.00558493	-0.00387672	-0.00095970	-0.00423274	-0.00297553	0.00605939
-0.00364277	-0.00058133	-0.00555669	-0.00380678	-0.00087587	-0.00414083	-0.00290721	0.00607314
-0.00379241	-0.00040799	-0.00551433	-0.00372654	-0.00079414	-0.00403940	-0.00283247	0.00608178
-0.00392800	-0.00022619	-0.00545921	-0.00363765	-0.00071008	-0.00393182	-0.00274744	0.00607892
-0.00405166	-0.00003687	-0.00539235	-0.00354103	-0.00062391	-0.00381523	-0.00265449	0.00607047
-0.00416198	0.00015384	-0.00530681	-0.00343881	-0.00054235	-0.00369366	-0.00255846	0.00604818
-0.00425769	0.00034570	-0.00521049	-0.00332469	-0.00045877	-0.00356356	-0.00245108	0.00602240
-0.00433683	0.00054764	-0.00509743	-0.00320386	-0.00037899	-0.00343072	-0.00233958	0.00598556
-0.00440443	0.00074386	-0.00497199	-0.00307750	-0.00029906	-0.00329419	-0.00222163	0.00594257
-0.00445839	0.00094196	-0.00483336	-0.00294462	-0.00022342	-0.00315243	-0.00209913	0.00589225
-0.00449690	0.00114119	-0.00467979	-0.00280177	-0.00014894	-0.00300596	-0.00196892	0.00583136
-0.00452446	0.00133576	-0.00451669	-0.00265475	-0.00007530	-0.00286019	-0.00183557	0.00576454
-0.00453651	0.00152686	-0.00433606	-0.00250329	-0.00000661	-0.00271239	-0.00170014	0.00568791
-0.00453759	0.00171599	-0.00414785	-0.00234610	0.00006162	-0.00256101	-0.00155858	0.00560789
-0.00452781	0.00189803	-0.00394667	-0.00218575	0.00012490	-0.00240884	-0.00141903	0.00552360
-0.00450499	0.00207466	-0.00373432	-0.00202101	0.00018574	-0.00225991	-0.00127318	0.00542939
-0.00447128	0.00224555	-0.00351488	-0.00185527	0.00024219	-0.00211062	-0.00112844	0.00533190
-0.00442841	0.00240952	-0.00328588	-0.00168571	0.00029659	-0.00196487	-0.00098271	0.00522681
-0.00437512	0.00256118	-0.00305203	-0.00151598	0.00034523	-0.00181581	-0.00083697	0.00512117
-0.00431261	0.00270860	-0.00281216	-0.00134504	0.00039164	-0.00167539	-0.00069383	0.00501114
-0.00424434	0.00284416	-0.00256446	-0.00117555	0.00043153	-0.00153266	-0.00055115	0.00489451
-0.00416912	0.00297103	-0.00231744	-0.00100513	0.00047137	-0.00139645	-0.00040800	0.00477939
-0.00408395	0.00308494	-0.00206518	-0.00083923	0.00050472	-0.00126242	-0.00027033	0.00466135
-0.00399841	0.00319167	-0.00181569	-0.00067317	0.00053477	-0.00113204	-0.00013605	0.00453793
-0.00390306	0.00328928	-0.00156569	-0.00051370	0.00056423	-0.00100610	-0.00000472	0.00441729
-0.00380777	0.00337113	-0.00131741	-0.00035513	0.00058382	-0.00088407	0.00012514	0.00429625
-0.00370512	0.00344615	-0.00107132	-0.00020299	0.00060533	-0.00076798	0.00024832	0.00417045
-0.00360354	0.00350801	-0.00083040	-0.00005474	0.00061865	-0.00065308	0.00036690	0.00404599
-0.00349730	0.00356528	-0.00059597	0.00008751	0.00063455	-0.00054837	0.00048211	0.00392723
-0.00359934	0.00343414	-0.00077864	0.00002619	0.00066094	-0.00065283	0.00035942	0.00393248
-0.00369881	0.00330044	-0.00096954	-0.00003664	0.00069155	-0.00076409	0.00023443	0.00392954
-0.00379893	0.00315487	-0.00116280	-0.00009956	0.00072458	-0.00087816	0.00010079	0.00391419
-0.00389656	0.00300393	-0.00135508	-0.00016479	0.00075937	-0.00099366	-0.00004161	0.00388617
-0.00399153	0.00284865	-0.00155200	-0.00022782	0.00079858	-0.00111535	-0.00018812	0.00384905
-0.00408695	0.00268612	-0.00174598	-0.00029012	0.00083674	-0.00123829	-0.00034303	0.00380137
-0.00418063	0.00251999	-0.00194246	-0.00035374	0.00088295	-0.00136691	-0.00050412	0.00374102
-0.00426765	0.00235096	-0.00213306	-0.00041330	0.00093096	-0.00149418	-0.00066600	0.00366920
-0.00435405	0.00217714	-0.00232096	-0.00047154	0.00098282	-0.00162559	-0.00083612	0.00358618
-0.00443522	0.00200039	-0.00250632	-0.00052895	0.00103833	-0.00175709	-0.00101068	0.00349453
-0.00451576	0.00182659	-0.00268533	-0.00058123	0.00109738	-0.00188975	-0.00119082	0.00338782
-0.00459075	0.00165063	-0.00285957	-0.00063192	0.00115950	-0.00202406	-0.00137150	0.00327254
-0.00465967	0.00147459	-0.00302438	-0.00067828	0.00122827	-0.00216015	-0.00155714	0.00314720
-0.00472439	0.00129903	-0.00318071	-0.00071911	0.00130020	-0.00229347	-0.00174167	0.00301135
-0.00478512	0.00112885	-0.00332974	-0.00075581	0.00137759	-0.00242435	-0.00192869	0.00286847
-0.00483937	0.00095776	-0.00346882	-0.00078719	0.00145994	-0.00255750	-0.00211706	0.00271857
-0.00488791	0.00079146	-0.00359598	-0.00081183	0.00154245	-0.00268477	-0.00230452	0.00255579
-0.00493103	0.00063102	-0.00371240	-0.00083289	0.00163325	-0.00281252	-0.00248814	0.00238975
-0.00496711	0.00047248	-0.00381351	-0.00084382	0.00173053	-0.00293480	-0.00267134	0.00221595
-0.00499923	0.00032283	-0.00390562	-0.00085330	0.00182597	-0.00305334	-0.00285065	0.00203680
-0.00502523	0.00017444	-0.00398457	-0.00085056	0.00192790	-0.00316965	-0.00302413	0.00185832
-0.00504442	0.00003279	-0.00405029	-0.00084595	0.00203461	-0.00328067	-0.00319414	0.00167114
-0.00505596	-0.00010113	-0.00410446	-0.00083118	0.00214619	-0.00338613	-0.00335569	0.00148538
-0.00506139	-0.00022853	-0.00414478	-0.00080924	0.00225731	-0.00348573	-0.00351210	0.00129548
-0.00506061	-0.00034996	-0.00417251	-0.00078110	0.00237478	-0.00357833	-0.00365965	0.00110578
-0.00505750	-0.00046258	-0.00418791	-0.00074503	0.00249410	-0.00366560	-0.00380068	0.00092083
-0.00504509	-0.00057034	-0.00419196	-0.00070175	0.00261661	-0.00374398	-0.00393017	0.00073104
-0.00502548	-0.00067077	-0.00418190	-0.00065515	0.00273978	-0.00381641	-0.00405088	0.00054931
-0.00500125	-0.00076462	-0.00416259	-0.00059886	0.00286613	-0.00388392	-0.00416253	0.00036818
-0.00497320	-0.00085105	-0.00413317	-0.00053793	0.00299283	-0.00393942	-0.00426291	0.00019008
-0.00493917	-0.00092887	-0.00409552	-0.00047248	0.00311895	-0.00398942	-0.00435077	0.00001741
-0.00489918	-0.00100187	-0.00404328	-0.00040341	0.00324411	-0.00402823	-0.00442947	-0.00014999
-0.00485456	-0.00106764	-0.00398643	-0.00032560	0.00336985	-0.00406146	-0.00449409	-0.00031441
-0.00480751	-0.00112867	-0.00391941	-0.00024569	0.00349773	-0.00408968	-0.00455057	-0.00046861
-0.00475484	-0.00118098	-0.00384741	-0.00016704	0.00361944	-0.00410490	-0.00459247	-0.00061958
-0.00469643	-0.00122828	-0.00376616	-0.00008158	0.00374155	-0.00411465	-0.00462492	-0.00076272
-0.00463497	-0.00127055	-0.00368201	0.00000420	0.00385838	-0.00411678	-0.00464542	-0.00089819
-0.00457045	-0.00130808	-0.00359334	0.00009205	0.00397161	-0.00410922	-0.00465261	-0.00102792
-0.00450395	-0.00133960	-0.00349945	0.00018314	0.00408360	-0.00409931	-0.00465269	-0.00115024
-0.00443214	-0.00136666	-0.00339883	0.00026768	0.00418839	-0.00407716	-0.00464177	-0.00126213
-0.00451393	-0.00152801	-0.00365691	0.00004027	0.00421935	-0.00430545	-0.00494721	-0.00136439
-0.00459021	-0.00169699	-0.00391465	-0.00019966	0.00423877	-0.00453993	-0.00526191	-0.00146698
-0.00465869	-0.00187006	-0.00417285	-0.00044867	0.00424600	-0.00477780	-0.00557788	-0.00157343
-0.00472185	-0.00204585	-0.00442673	-0.00070152	0.00423922	-0.00502209	-0.00590189	-0.00167891
-0.00477656	-0.00222461	-0.00468157	-0.00096649	0.00421699	-0.00527313	-0.00622415	-0.00178527
-0.00482509	-0.00240722	-0.00493325	-0.00123198	0.00418285	-0.00552844	-0.00654931	-0.00189199
-0.00486439	-0.00259113	-0.00517754	-0.00150318	0.00413383	-0.00578565	-0.00687188	-0.00199740
-0.00489736	-0.00277728	-0.00541695	-0.00177674	0.00406245	-0.00604382	-0.00719553	-0.00210503
-0.00491864	-0.00296720	-0.00564858	-0.00205390	0.00397887	-0.00630476	-0.00751320	-0.00221099
-0.00493060	-0.00315315	-0.00587267	-0.00232947	0.00388003	-0.00656629	-0.00782671	-0.00231318
-0.00493083	-0.00334077	-0.00608649	-0.00260394	0.00376286	-0.00682664	-0.00813349	-0.00241421
-0.00492117	-0.00352730	-0.00629158	-0.00287558	0.00363086	-0.00708616	-0.00843044	-0.00251299
-0.00489883	-0.00371401	-0.00648609	-0.00314326	0.00347958	-0.00734314	-0.00871812	-0.00260821
-0.00486272	-0.00389691	-0.00666632	-0.00340649	0.00331462	-0.00759465	-0.00899496	-0.00270098
-0.00481597	-0.00408033	-0.00683577	-0.00366029	0.00313323	-0.00783990	-0.00925873	-0.00278742
-0.00475681	-0.00425529	-0.00699128	-0.00390614	0.00293794	-0.00808031	-0.00950657	-0.00286813
-0.00468466	-0.00442796	-0.00713218	-0.00414470	0.00272629	-0.00830951	-0.00974063	-0.00294780
-0.00459811	-0.00459645	-0.00726098	-0.00437396	0.00250298	-0.00853464	-0.00995503	-0.00302200
-0.00449686	-0.00475779	-0.00737701	-0.00459079	0.00227254	-0.00874454	-0.01015123	-0.00308953
-0.00438291	-0.00491336	-0.00747519	-0.00479472	0.00202415	-0.00894389	-0.01032821	-0.00314895
