-0.25294997	-0.15877290	-0.39305404	-0.35647287	0.01439278	0.00030429	-0.36868418	-0.26649375
-0.19283185	-0.09370166	-0.25179043	-0.44939018	-0.00810513	-0.09373106	-0.81174735	-0.30129154
-0.17609480	-0.08221726	-0.21897738	-0.44634530	-0.01646118	-0.11243070	-0.86566006	-0.28530225
-0.15992018	-0.07243851	-0.18893380	-0.43218414	-0.02490772	-0.12726200	-0.88146019	-0.26589356
-0.14476118	-0.06407822	-0.16226953	-0.40834100	-0.03260619	-0.13680711	-0.86070448	-0.24496633
-0.13064750	-0.05670903	-0.13852131	-0.37612275	-0.03739886	-0.14135523	-0.80968160	-0.22348300
-0.11744652	-0.05031223	-0.11747065	-0.33926281	-0.03729615	-0.14122571	-0.73712522	-0.20290607
-0.10547214	-0.04473448	-0.09962372	-0.29921907	-0.02964919	-0.13724567	-0.65311349	-0.18334457
-0.09476442	-0.03983622	-0.08408370	-0.25864626	-0.01175194	-0.12992584	-0.56544636	-0.16491293
-0.08485380	-0.03573885	-0.07076924	-0.21963206	0.01731283	-0.12054355	-0.48068570	-0.14890975
-0.07618966	-0.03201221	-0.05930990	-0.18318420	0.05702350	-0.10974597	-0.40261275	-0.13384467
-0.06850001	-0.02873276	-0.04985249	-0.15006437	0.10511967	-0.09834098	-0.33370069	-0.12036723
-0.06162940	-0.02586675	-0.04166502	-0.12096831	0.15676241	-0.08725769	-0.27429915	-0.10822400
-0.05537500	-0.02323118	-0.03488559	-0.09585120	0.20678161	-0.07653222	-0.22396021	-0.09748701
-0.04967762	-0.02104874	-0.02896845	-0.07448036	0.24992969	-0.06639188	-0.18188657	-0.08793284
-0.04506398	-0.01933819	-0.02433298	-0.05646534	0.28248347	-0.05701295	-0.14749339	-0.07966238
-0.04074230	-0.01750981	-0.02006449	-0.04171220	0.30285693	-0.04861187	-0.11922776	-0.07213951
-0.04083774	-0.01843291	-0.02078381	-0.04639148	0.23009232	-0.05590786	-0.12508149	-0.07382836
-0.04088843	-0.01946678	-0.02135303	-0.04963075	0.14945664	-0.06262118	-0.12838275	-0.07546166
-0.04021953	-0.02076236	-0.02141817	-0.05144524	0.06759676	-0.06920277	-0.12924770	-0.07612678
-0.03911943	-0.02144250	-0.02131005	-0.05237221	-0.00799832	-0.07514216	-0.12814079	-0.07658896
-0.03763771	-0.02235321	-0.02147099	-0.05234669	-0.07286406	-0.08018386	-0.12427571	-0.07605686
-0.03576168	-0.02296121	-0.02100260	-0.05158496	-0.12456585	-0.08430583	-0.11928443	-0.07529311
-0.03329935	-0.02338737	-0.02062783	-0.05026224	-0.16224531	-0.08666735	-0.11277404	-0.07385458
-0.03022083	-0.02379040	-0.02004376	-0.04848427	-0.18721751	-0.08735405	-0.10512460	-0.07232600
-0.02689270	-0.02411057	-0.01946486	-0.04684477	-0.20100604	-0.08621352	-0.09669327	-0.06996215
-0.02312276	-0.02402583	-0.01885645	-0.04469379	-0.20581802	-0.08296918	-0.08838810	-0.06741413
-0.01958402	-0.02430578	-0.01811703	-0.04252385	-0.20410340	-0.07781654	-0.07949749	-0.06460340
-0.01531580	-0.02412562	-0.01740353	-0.04004582	-0.19736680	-0.07140211	-0.07142388	-0.06177235
-0.01093488	-0.02393678	-0.01649965	-0.03784995	-0.18769578	-0.06349601	-0.06333112	-0.05862401
-0.00666659	-0.02374441	-0.01594188	-0.03561394	-0.17632872	-0.05467818	-0.05601056	-0.05547177
-0.00261646	-0.02311417	-0.01515058	-0.03346810	-0.16398147	-0.04562651	-0.04897981	-0.05199564
0.00143915	-0.02305569	-0.01431887	-0.03146782	-0.15158269	-0.03641494	-0.04290781	-0.04902950
0.00543401	-0.02244419	-0.01343532	-0.02952767	-0.13943963	-0.02719748	-0.03721811	-0.04591365
0.00908630	-0.02172919	-0.01248100	-0.02746668	-0.12777023	-0.01875204	-0.03200747	-0.04270352
0.01243473	-0.02124721	-0.01199543	-0.02586773	-0.11658626	-0.01074631	-0.02750211	-0.03984984
0.01528606	-0.02064626	-0.01132073	-0.02428757	-0.10637896	-0.00409060	-0.02381738	-0.03690149
0.01824515	-0.02226805	-0.01223069	-0.02602500	-0.11224035	-0.00944358	-0.02630856	-0.03856520
0.02158918	-0.02373182	-0.01334064	-0.02779151	-0.11687291	-0.01627978	-0.02885767	-0.04033340
0.02552466	-0.02563331	-0.01433925	-0.02961993	-0.12050699	-0.02470331	-0.03149351	-0.04174750
0.03039520	-0.02767512	-0.01530418	-0.03143854	-0.12280862	-0.03519536	-0.03423665	-0.04338166
0.03619289	-0.02961966	-0.01632461	-0.03323584	-0.12350163	-0.04718658	-0.03680251	-0.04485169
0.04265459	-0.03186024	-0.01752058	-0.03499793	-0.12303164	-0.06150307	-0.03918171	-0.04599688
0.05039355	-0.03439424	-0.01865525	-0.03646428	-0.12149437	-0.07723975	-0.04122912	-0.04688272
0.05935866	-0.03686713	-0.01962656	-0.03764294	-0.11850616	-0.09472999	-0.04315104	-0.04746008
0.07005306	-0.03957269	-0.02074017	-0.03888522	-0.11411992	-0.11322014	-0.04432132	-0.04774378
0.08223013	-0.04241645	-0.02194155	-0.03988718	-0.10860798	-0.13185494	-0.04541856	-0.04741672
0.09649639	-0.04539176	-0.02287595	-0.04085116	-0.10271811	-0.14988670	-0.04551468	-0.04648102
0.11255429	-0.04878000	-0.02399335	-0.04124278	-0.09584096	-0.16593584	-0.04519364	-0.04520601
0.13070990	-0.05217843	-0.02496972	-0.04164518	-0.08870148	-0.17877710	-0.04428047	-0.04286497
0.15074681	-0.05594850	-0.02567567	-0.04165555	-0.08130223	-0.18737219	-0.04259092	-0.03992287
0.17287377	-0.05951991	-0.02647289	-0.04141993	-0.07392494	-0.19108650	-0.04043436	-0.03586519
0.19646278	-0.06338853	-0.02710969	-0.04107430	-0.06676377	-0.18955055	-0.03746489	-0.03116567
0.22073820	-0.06708531	-0.02760886	-0.04055137	-0.05976094	-0.18294746	-0.03407051	-0.02578124
0.24507228	-0.07095428	-0.02791978	-0.03950155	-0.05308916	-0.17194510	-0.03022072	-0.01905817
0.26823886	-0.07470129	-0.02816054	-0.03809739	-0.04669485	-0.15734959	-0.02640881	-0.01187377
0.28851042	-0.07829845	-0.02791664	-0.03675156	-0.04103876	-0.14074961	-0.02226434	-0.00403020
0.30437855	-0.08162241	-0.02777786	-0.03510769	-0.03563389	-0.12241505	-0.01804206	0.00453099
0.31463099	-0.08462555	-0.02739913	-0.03345680	-0.03066061	-0.10436162	-0.01412584	0.01328859
0.31810423	-0.08705024	-0.02683128	-0.03159420	-0.02643384	-0.08704828	-0.01002968	0.02229151
0.31370451	-0.08859498	-0.02593646	-0.02971651	-0.02248348	-0.07077592	-0.00606021	0.03081714
0.30129738	-0.08981439	-0.02492073	-0.02770872	-0.01898813	-0.05645197	-0.00286949	0.03899274
0.28197885	-0.09009348	-0.02393172	-0.02571307	-0.01584747	-0.04387500	0.00048709	0.04671273
0.25663180	-0.08902374	-0.02253983	-0.02360593	-0.01315988	-0.03294795	0.00284698	0.05339546
0.22678785	-0.08709084	-0.02113876	-0.02159145	-0.01071316	-0.02370790	0.00533671	0.05926392
0.19527634	-0.08416662	-0.01938148	-0.01958824	-0.00846729	-0.01629431	0.00719854	0.06395867
0.16296679	-0.07988315	-0.01785335	-0.01785241	-0.00675863	-0.01017435	0.00897797	0.06735005
0.13187506	-0.07420855	-0.01611283	-0.01592457	-0.00528073	-0.00544972	0.01043006	0.06962096
0.10322045	-0.06770493	-0.01467164	-0.01406546	-0.00362203	-0.00144957	0.01137097	0.07075142
0.07773868	-0.06031124	-0.01284751	-0.01268556	-0.00292553	0.00148117	0.01216376	0.07086171
0.05576080	-0.05171329	-0.01120543	-0.01120522	-0.00176391	0.00377938	0.01299920	0.07015617
0.03728284	-0.04278853	-0.00940026	-0.00944476	-0.00101437	0.00545402	0.01312983	0.06840125
0.02227228	-0.03368687	-0.00792474	-0.00836290	-0.00031530	0.00679603	0.01340941	0.06608619
0.01006948	-0.02437503	-0.00637416	-0.00700785	0.00041307	0.00762000	0.01340614	0.06347940
0.00089529	-0.01516399	-0.00491553	-0.00586532	0.00082796	0.00836797	0.01346007	0.06039505
-0.00639622	-0.00635995	-0.00341637	-0.00475252	0.00138375	0.00865048	0.01323337	0.05680223
-0.01146543	0.00188098	-0.00210913	-0.00375909	0.00150404	0.00904287	0.01295105	0.05308586
-0.01771874	0.00199733	-0.00225920	-0.00380351	0.00197235	0.00981803	0.01389366	0.05754310
-0.02459063	0.00259632	-0.00224098	-0.00365994	0.00267773	0.01119647	0.01471786	0.06242409
-0.03168169	0.00324457	-0.00240171	-0.00326582	0.00317975	0.01266918	0.01605334	0.06742088
-0.03934900	0.00438190	-0.00228130	-0.00295033	0.00383670	0.01400054	0.01713101	0.07284917
-0.04657324	0.00616855	-0.00216563	-0.00252107	0.00424126	0.01577127	0.01833462	0.07821921
-0.05329802	0.00801682	-0.00207521	-0.00211633	0.00479275	0.01731029	0.01974534	0.08398000
-0.05961067	0.01169172	-0.00166263	-0.00155300	0.00546831	0.01916744	0.02117823	0.08938442
-0.06445143	0.01610052	-0.00155433	-0.00093297	0.00593785	0.02096415	0.02274622	0.09519568
-0.06788140	0.02246344	-0.00089824	-0.00025172	0.00648540	0.02289723	0.02427584	0.10013135
-0.06996928	0.03121573	-0.00051051	0.00054715	0.00701320	0.02464170	0.02578020	0.10488416
-0.07022034	0.04304021	0.00032431	0.00154457	0.00736237	0.02677825	0.02740369	0.10884731
-0.06888942	0.05884842	0.00116733	0.00268304	0.00778168	0.02824947	0.02938966	0.11206896
-0.06585481	0.07884808	0.00269758	0.00399776	0.00862826	0.02972387	0.03096719	0.11398188
-0.06138730	0.10400873	0.00456713	0.00539207	0.00897100	0.03133632	0.03269618	0.11461391
-0.05600422	0.13442398	0.00652394	0.00689320	0.00942731	0.03249703	0.03440113	0.11397423
-0.04995616	0.16925036	0.00934412	0.00842308	0.00979539	0.03373337	0.03626971	0.11144241
-0.04335431	0.20783010	0.01230835	0.01039607	0.00998420	0.03436744	0.03773054	0.10742884
-0.03675004	0.24750973	0.01652772	0.01230178	0.01032068	0.03504852	0.03918169	0.10165919
-0.03010246	0.28543603	0.02121675	0.01446925	0.01026684	0.03535035	0.04053797	0.09502796
-0.02386165	0.31868608	0.02654506	0.01654441	0.01015788	0.03573307	0.04160617	0.08684185
-0.01782060	0.34425172	0.03312314	0.01887377	0.01023774	0.03568405	0.04260753	0.07797156
-0.01281361	0.35958770	0.04025978	0.02111144	0.01044240	0.03561265	0.04325272	0.06857240
-0.00788586	0.36480717	0.04815817	0.02353929	0.01018886	0.03512687	0.04404941	0.05905248
-0.00384550	0.35929477	0.05683369	0.02570879	0.00998557	0.03471976	0.04432312	0.05009691
-0.00040818	0.34536026	0.06600953	0.02802858	0.00959207	0.03398208	0.04451063	0.04163417
0.00238479	0.32462197	0.07532468	0.02988075	0.00943818	0.03319605	0.04434907	0.03372382
0.00498924	0.29948397	0.08464142	0.03172637	0.00886954	0.03250679	0.04390647	0.02669577
0.00674121	0.27224590	0.09362022	0.03346049	0.00874626	0.03135952	0.04358167	0.02054560
0.00825867	0.24428767	0.10205369	0.03504366	0.00804622	0.03054118	0.04289125	0.01546848
0.00949529	0.21755933	0.10881507	0.03613542	0.00777015	0.02902836	0.04199030	0.01120167
0.01019732	0.19221545	0.11483355	0.03696902	0.00725186	0.02837620	0.04079795	0.00784822
0.01116098	0.16915924	0.11907415	0.03727134	0.00648867	0.02716809	0.03954263	0.00521896
0.01133904	0.14835719	0.12126897	0.03788162	0.00621309	0.02590179	0.03848767	0.00321150
0.01160323	0.12983517	0.12176488	0.03733150	0.00557062	0.02497722	0.03716585	0.00159437
0.01150163	0.11355609	0.12105487	0.03687264	0.00510611	0.02356365	0.03560891	0.00038531
0.01168213	0.09944832	0.11835010	0.03609879	0.00461427	0.02275246	0.03426647	-0.00036076
0.01163615	0.08701093	0.11433858	0.03520393	0.00390756	0.02160702	0.03266861	-0.00083219
0.01159853	0.07638749	0.10954823	0.03403953	0.00336627	0.02070998	0.03123877	-0.00122154
0.01119900	0.06705281	0.10399349	0.03253035	0.00307682	0.01947129	0.02967531	-0.00131226
0.01078155	0.05901691	0.09764666	0.03117054	0.00265147	0.01864224	0.02825089	-0.00132087
0.01106825	0.06263943	0.10643691	0.03307208	0.00240535	0.01963341	0.03024403	0.00074864
0.01099632	0.06586556	0.11592974	0.03559292	0.00222736	0.02024383	0.03242286	0.00316523
0.01093284	0.06853994	0.12556254	0.03839795	0.00231560	0.02110115	0.03431064	0.00577680
0.01073039	0.07079319	0.13540930	0.04098502	0.00201324	0.02170024	0.03673036	0.00879170
0.01052041	0.07209866	0.14522579	0.04419071	0.00181940	0.02249846	0.03895987	0.01183234
0.01012530	0.07278124	0.15446174	0.04761100	0.00142123	0.02345289	0.04165206	0.01517631
0.00939495	0.07296928	0.16326767	0.05099448	0.00136159	0.02392116	0.04429957	0.01873474
0.00897794	0.07197892	0.17069125	0.05456341	0.00109051	0.02447213	0.04705539	0.02216866
0.00817937	0.07064858	0.17661264	0.05857559	0.00061724	0.02469115	0.04965125	0.02564735
0.00753529	0.06866782	0.18047077	0.06254587	0.00009441	0.02567996	0.05261268	0.02867040
0.00641250	0.06603703	0.18195196	0.06673537	-0.00038477	0.02607830	0.05527749	0.03181043
0.00533727	0.06317390	0.18120822	0.07132187	-0.00086348	0.02650342	0.05809099	0.03444475
0.00409103	0.06004837	0.17770564	0.07575267	-0.00137489	0.02677362	0.06044144	0.03664804
0.00299879	0.05651441	0.17204834	0.08067541	-0.00215351	0.02679570	0.06285873	0.03800262
0.00188314	0.05248702	0.16417786	0.08544978	-0.00277712	0.02687601	0.06510784	0.03897352
0.00050441	0.04888676	0.15495809	0.09051331	-0.00382871	0.02694226	0.06688040	0.03944075
-0.00072653	0.04513313	0.14469990	0.09562517	-0.00476460	0.02682553	0.06843548	0.03920436
-0.00201459	0.04159869	0.13409013	0.10147791	-0.00560576	0.02639734	0.06937955	0.03822950
-0.00325970	0.03805249	0.12350285	0.10705971	-0.00647362	0.02584819	0.06996997	0.03663864
-0.00452590	0.03468246	0.11287538	0.11341973	-0.00760889	0.02545720	0.07022834	0.03465379
-0.00605309	0.03145876	0.10318693	0.12002367	-0.00858997	0.02450625	0.06988097	0.03216460
-0.00705645	0.02862896	0.09407121	0.12725680	-0.00943494	0.02388426	0.06892955	0.02955437
-0.00816187	0.02557130	0.08621689	0.13489263	-0.01029010	0.02284930	0.06757169	0.02659462
-0.00911951	0.02332219	0.07875408	0.14263140	-0.01090892	0.02171348	0.06561143	0.02359659
-0.00996037	0.02074283	0.07178432	0.14994269	-0.01150416	0.02091684	0.06299264	0.02038479
-0.01047002	0.01881097	0.06590079	0.15686503	-0.01182572	0.01951856	0.06034905	0.01747193
-0.01137774	0.01684353	0.06071102	0.16266320	-0.01184843	0.01851543	0.05737708	0.01468785
-0.01142234	0.01505882	0.05578101	0.16701017	-0.01135043	0.01699530	0.05404818	0.01181631
-0.01219484	0.01369643	0.05127395	0.16950276	-0.01060833	0.01598005	0.05062037	0.00921604
-0.01245633	0.01211529	0.04723005	0.17027368	-0.00953408	0.01461552	0.04702716	0.00705992
-0.01278845	0.01102825	0.04340092	0.16865377	-0.00792609	0.01345079	0.04364326	0.00482218
-0.01298421	0.00987305	0.04028503	0.16539890	-0.00568085	0.01249654	0.04046888	0.00303684
-0.01292816	0.00887953	0.03713350	0.16053951	-0.00324925	0.01110898	0.03706708	0.00106015
-0.01301102	0.00765335	0.03425704	0.15395560	-0.00013868	0.01019682	0.03408854	-0.00003200
-0.01295799	0.00704963	0.03177390	0.14664653	0.00291302	0.00908567	0.03119701	-0.00128065
-0.01285786	0.00635956	0.02954916	0.13865883	0.00662720	0.00821214	0.02835750	-0.00244897
-0.01273454	0.00565686	0.02721177	0.13018728	0.01009260	0.00709581	0.02600672	-0.00313239
-0.01256533	0.00518915	0.02525714	0.12151300	0.01393033	0.00635817	0.02361848	-0.00391372
-0.01222261	0.00453263	0.02344813	0.11325041	0.01762594	0.00562707	0.02183809	-0.00452511
-0.01205274	0.00409619	0.02174100	0.10489939	0.02104296	0.00485553	0.01986629	-0.00517918
-0.01295624	0.00358115	0.02074240	0.11075119	0.02790530	0.00470319	0.01938852	-0.00706272
-0.01413272	0.00285484	0.01929027	0.11568780	0.03649341	0.00447769	0.01859707	-0.00874305
-0.01545301	0.00234089	0.01768446	0.11927383	0.04684179	0.00392508	0.01751321	-0.01109999
-0.01677652	0.00152508	0.01618173	0.12095214	0.05977217	0.00345361	0.01588002	-0.01367339
-0.01827710	0.00079838	0.01384342	0.12021834	0.07544042	0.00285201	0.01338067	-0.01649854
-0.01978424	-0.00006918	0.01159524	0.11743892	0.09427680	0.00205850	0.00996671	-0.01932425
-0.02143959	-0.00113099	0.00893017	0.11180097	0.11662145	0.00070997	0.00585432	-0.02255087
-0.02295451	-0.00224055	0.00620068	0.10351215	0.14318719	-0.00048180	0.00062661	-0.02617940
-0.02462561	-0.00330522	0.00333809	0.09318779	0.17388019	-0.00203351	-0.00593116	-0.03002046
-0.02654351	-0.00443767	0.00042433	0.08057148	0.20863447	-0.00406651	-0.01342809	-0.03402875
-0.02818786	-0.00564628	-0.00227268	0.06661264	0.24698154	-0.00646958	-0.02207278	-0.03802738
-0.03005497	-0.00703776	-0.00507019	0.05159916	0.28765472	-0.00908587	-0.03172146	-0.04246006
-0.03165004	-0.00834663	-0.00757208	0.03595958	0.32817445	-0.01206502	-0.04275408	-0.04682776
-0.03337199	-0.00973419	-0.01020898	0.02111305	0.36579271	-0.01583463	-0.05441096	-0.05091894
-0.03510605	-0.01095038	-0.01237539	0.00682342	0.39626770	-0.02001049	-0.06646593	-0.05524436
-0.03667490	-0.01246275	-0.01458172	-0.00620246	0.41471099	-0.02475994	-0.07884661	-0.05913218
-0.03797656	-0.01378375	-0.01616192	-0.01775509	0.41693726	-0.03014773	-0.09075755	-0.06311120
-0.03932468	-0.01504412	-0.01784622	-0.02750886	0.39900577	-0.03585555	-0.10173397	-0.06632107
-0.04013329	-0.01618194	-0.01917628	-0.03543696	0.36066169	-0.04204047	-0.11136972	-0.06935754
-0.04074974	-0.01730804	-0.02002615	-0.04172154	0.30280451	-0.04885213	-0.11921211	-0.07187214
-0.03941996	-0.01782119	-0.02200974	-0.04293506	0.23303911	-0.05154119	-0.11993246	-0.06861477
-0.03769571	-0.01804009	-0.02373185	-0.04337785	0.18221211	-0.05315123	-0.11794256	-0.06515122
-0.03619189	-0.01835589	-0.02485474	-0.04312181	0.14474163	-0.05384788	-0.11467432	-0.06159141
-0.03462092	-0.01836453	-0.02583536	-0.04216363	0.11609054	-0.05387726	-0.11026041	-0.05805340
-0.03309721	-0.01828231	-0.02647237	-0.04079700	0.09442470	-0.05301467	-0.10447261	-0.05427505
-0.03161697	-0.01804547	-0.02675420	-0.03923956	0.07754149	-0.05199492	-0.09880454	-0.05053577
-0.02975890	-0.01803810	-0.02700323	-0.03753117	0.06459365	-0.05050082	-0.09281518	-0.04699225
-0.02806120	-0.01781177	-0.02672410	-0.03561388	0.05400099	-0.04889756	-0.08699174	-0.04379073
-0.02687775	-0.01749378	-0.02665387	-0.03349974	0.04565075	-0.04690243	-0.08124801	-0.04064006
-0.02532385	-0.01709120	-0.02620400	-0.03176159	0.03894004	-0.04500041	-0.07580456	-0.03738985
-0.02492433	-0.01779409	-0.02622127	-0.03327193	0.03115529	-0.04842529	-0.07767267	-0.03826294
-0.02450532	-0.01865109	-0.02644910	-0.03463349	0.02295187	-0.05160640	-0.07904820	-0.03906697
-0.02377092	-0.01924801	-0.02620583	-0.03540083	0.01448018	-0.05457463	-0.07993573	-0.03922222
-0.02306328	-0.01978583	-0.02593729	-0.03573046	0.00586933	-0.05735950	-0.08002171	-0.03938106
-0.02179435	-0.02012801	-0.02576513	-0.03594216	-0.00215765	-0.05961980	-0.07939681	-0.03949767
-0.02053156	-0.02045062	-0.02547101	-0.03567133	-0.01016843	-0.06160395	-0.07811165	-0.03929098
-0.01885135	-0.02107904	-0.02450649	-0.03542104	-0.01717091	-0.06294504	-0.07622480	-0.03868365
-0.01707001	-0.02138721	-0.02407038	-0.03480822	-0.02383843	-0.06402930	-0.07398349	-0.03833336
-0.01534961	-0.02166067	-0.02343287	-0.03404251	-0.02954789	-0.06446683	-0.07123694	-0.03770715
-0.01341382	-0.02167644	-0.02253617	-0.03301658	-0.03406641	-0.06422994	-0.06826458	-0.03649566
-0.01140573	-0.02171461	-0.02199573	-0.03199280	-0.03798366	-0.06323778	-0.06482452	-0.03559491
-0.00909616	-0.02154491	-0.02089115	-0.03092055	-0.04087620	-0.06204150	-0.06133265	-0.03447322
-0.00677134	-0.02152187	-0.02035261	-0.02994570	-0.04314440	-0.06009653	-0.05770376	-0.03311735
-0.00478189	-0.02130355	-0.01940577	-0.02863940	-0.04464505	-0.05785299	-0.05412316	-0.03188409
-0.00254130	-0.02109375	-0.01878275	-0.02750865	-0.04564894	-0.05481217	-0.05035696	-0.03052837
-0.00034946	-0.02070770	-0.01760236	-0.02613252	-0.04577375	-0.05186532	-0.04657110	-0.02900923
0.00198513	-0.02040314	-0.01710088	-0.02505426	-0.04572713	-0.04836447	-0.04337543	-0.02747469
0.00386979	-0.02005243	-0.01623817	-0.02390541	-0.04499008	-0.04491041	-0.04005725	-0.02648427
0.00566362	-0.01973035	-0.01546912	-0.02267277	-0.04408841	-0.04126351	-0.03691568	-0.02492013
0.00752675	-0.01909968	-0.01471308	-0.02157944	-0.04294430	-0.03745108	-0.03376243	-0.02350326
0.00859293	-0.02035744	-0.01541638	-0.02259901	-0.04503044	-0.04172180	-0.03610421	-0.02411839
0.00971999	-0.02131999	-0.01642145	-0.02416181	-0.04663546	-0.04629631	-0.03770271	-0.02457596
0.01098828	-0.02272285	-0.01728272	-0.02515971	-0.04801256	-0.05119268	-0.03967200	-0.02472127
0.01246870	-0.02402556	-0.01823009	-0.02622555	-0.04907592	-0.05606680	-0.04140915	-0.02504491
0.01376991	-0.02539063	-0.01905225	-0.02761997	-0.04974577	-0.06100452	-0.04302985	-0.02496256
0.01563779	-0.02676842	-0.02019136	-0.02852805	-0.04989509	-0.06592160	-0.04472488	-0.02494562
0.01731207	-0.02834836	-0.02094698	-0.02959883	-0.05003446	-0.07076043	-0.04590520	-0.02481575
0.01916791	-0.02990256	-0.02201019	-0.03036980	-0.04973292	-0.07535999	-0.04706147	-0.02392725
0.02136361	-0.03153475	-0.02298888	-0.03107669	-0.04895308	-0.07941761	-0.04778227	-0.02354025
0.02317353	-0.03299106	-0.02406061	-0.03178694	-0.04802421	-0.08310757	-0.04800538	-0.02287953
0.02556249	-0.03484236	-0.02477309	-0.03223495	-0.04660115	-0.08623043	-0.04821299	-0.02136425
0.02775975	-0.03667893	-0.02561667	-0.03263011	-0.04500243	-0.08844551	-0.04810868	-0.02018843
0.02995832	-0.03822718	-0.02649828	-0.03289272	-0.04307858	-0.08999898	-0.04750855	-0.01820626
0.03229374	-0.03998711	-0.02688464	-0.03293651	-0.04120363	-0.09059038	-0.04674488	-0.01608833
0.03433907	-0.04160833	-0.02747578	-0.03283906	-0.03903824	-0.09028668	-0.04521293	-0.01381493
0.03639419	-0.04334218	-0.02824022	-0.03252116	-0.03673572	-0.08900993	-0.04383352	-0.01134731
0.03834525	-0.04496177	-0.02822499	-0.03238268	-0.03470467	-0.08672398	-0.04196112	-0.00830321
0.03970696	-0.04640599	-0.02845078	-0.03184407	-0.03235476	-0.08367381	-0.03968652	-0.00540952
0.04107448	-0.04768841	-0.02889772	-0.03110815	-0.02981744	-0.08007986	-0.03752173	-0.00210779
0.04190070	-0.04899998	-0.02887356	-0.03033978	-0.02765063	-0.07589724	-0.03502808	0.00132350
0.04237080	-0.04967049	-0.02865253	-0.02954468	-0.02558279	-0.07114428	-0.03251388	0.00476822
0.04233067	-0.05057201	-0.02856658	-0.02862042	-0.02330511	-0.06609278	-0.02961132	0.00860205
0.04173824	-0.05093448	-0.02786719	-0.02746189	-0.02129469	-0.06090635	-0.02685028	0.01199549
0.04065543	-0.05103410	-0.02750764	-0.02630958	-0.01913507	-0.05539044	-0.02423264	0.01569569
0.03914121	-0.05088879	-0.02686556	-0.02511784	-0.01761768	-0.05012578	-0.02136730	0.01895536
0.03701921	-0.05030407	-0.02603240	-0.02362218	-0.01565368	-0.04478786	-0.01909580	0.02208239
0.03470516	-0.04942103	-0.02533531	-0.02241856	-0.01408738	-0.04008579	-0.01651577	0.02506442
0.03188312	-0.04815417	-0.02414840	-0.02110850	-0.01264654	-0.03531792	-0.01418335	0.02754161
0.02897143	-0.04656071	-0.02304693	-0.01986308	-0.01143973	-0.03110207	-0.01185598	0.02983582
0.02584579	-0.04422027	-0.02212795	-0.01871953	-0.00995512	-0.02689376	-0.00993516	0.03200899
0.02244090	-0.04160769	-0.02088559	-0.01712327	-0.00885565	-0.02326090	-0.00795367	0.03335077
0.01909659	-0.03879466	-0.01960424	-0.01603274	-0.00783126	-0.01991792	-0.00621266	0.03472375
0.01609887	-0.03575258	-0.01821877	-0.01485524	-0.00661304	-0.01680509	-0.00477287	0.03568892
0.01301037	-0.03221607	-0.01687416	-0.01350539	-0.00588561	-0.01414583	-0.00336881	0.03615425
0.01018021	-0.02863903	-0.01569484	-0.01269898	-0.00521607	-0.01164029	-0.00206380	0.03605572
0.00753119	-0.02485626	-0.01426929	-0.01131772	-0.00442219	-0.00961755	-0.00085985	0.03609618
0.00510158	-0.02101744	-0.01276156	-0.01030051	-0.00354355	-0.00772810	0.00006269	0.03567273
0.00305794	-0.01690767	-0.01161953	-0.00941852	-0.00323924	-0.00602319	0.00099787	0.03497118
0.00100139	-0.01350255	-0.01035573	-0.00846646	-0.00281285	-0.00482747	0.00168837	0.03419896
-0.00076165	-0.00964835	-0.00930773	-0.00761717	-0.00217100	-0.00348726	0.00237390	0.03324423
-0.00310829	-0.00986290	-0.00983270	-0.00774470	-0.00177650	-0.00306756	0.00268197	0.03514508
-0.00590173	-0.01020003	-0.01031047	-0.00787115	-0.00190670	-0.00292828	0.00286135	0.03716803
-0.00856039	-0.01045002	-0.01093780	-0.00807686	-0.00154995	-0.00272908	0.00302990	0.03913762
-0.01124235	-0.01042347	-0.01161812	-0.00802279	-0.00115018	-0.00231258	0.00341577	0.04132523
-0.01420758	-0.01049433	-0.01213701	-0.00801388	-0.00108920	-0.00178905	0.00377726	0.04352223
-0.01688312	-0.01008309	-0.01266955	-0.00784775	-0.00063403	-0.00121198	0.00430649	0.04553611
-0.01950235	-0.00947554	-0.01330856	-0.00788789	-0.00053319	-0.00054480	0.00471390	0.04747041
-0.02215924	-0.00865794	-0.01392203	-0.00788516	-0.00007807	0.00016298	0.00510845	0.04918941
-0.02437370	-0.00733994	-0.01440781	-0.00753914	0.00016387	0.00093695	0.00570807	0.05117686
-0.02616111	-0.00567539	-0.01498579	-0.00748401	0.00091681	0.00171150	0.00631668	0.05301685
-0.02777456	-0.00347855	-0.01563466	-0.00741614	0.00114775	0.00251569	0.00684266	0.05429316
-0.02923321	-0.00093932	-0.01584880	-0.00697738	0.00148435	0.00319134	0.00759752	0.05544570
-0.03021015	0.00237460	-0.01618499	-0.00661200	0.00159316	0.00434843	0.00850368	0.05616198
-0.03039901	0.00563439	-0.01613172	-0.00610562	0.00198955	0.00511815	0.00918474	0.05700006
-0.03053760	0.00987597	-0.01602617	-0.00567632	0.00219355	0.00590915	0.00996467	0.05717437
-0.03032136	0.01422664	-0.01605268	-0.00494163	0.00241149	0.00672069	0.01083982	0.05708678
-0.02963176	0.01889501	-0.01561963	-0.00416289	0.00270516	0.00765987	0.01165444	0.05670283
-0.02885804	0.02371987	-0.01488870	-0.00357720	0.00302373	0.00857005	0.01263723	0.05574601
-0.02760421	0.02864811	-0.01402867	-0.00262938	0.00325051	0.00904613	0.01330221	0.05463287
-0.02649591	0.03328660	-0.01301814	-0.00151654	0.00333901	0.00972907	0.01413321	0.05314916
-0.02506672	0.03798727	-0.01158231	-0.00075535	0.00351150	0.01041407	0.01484498	0.05119866
-0.02339900	0.04219454	-0.00994937	0.00033400	0.00370312	0.01085101	0.01577095	0.04911199
-0.02171878	0.04596169	-0.00812325	0.00133232	0.00384812	0.01130844	0.01640941	0.04686537
-0.02008905	0.04882886	-0.00602500	0.00238745	0.00370052	0.01185850	0.01693490	0.04447730
-0.01833016	0.05170799	-0.00343286	0.00356625	0.00395469	0.01181113	0.01741297	0.04177651
-0.01662009	0.05364241	-0.00075110	0.00472556	0.00390275	0.01228823	0.01803445	0.03916322
-0.01484170	0.05469674	0.00218416	0.00572462	0.00377733	0.01245585	0.01831058	0.03673162
-0.01348010	0.05521108	0.00519813	0.00672641	0.00386425	0.01229280	0.01870730	0.03401546
-0.01214498	0.05529140	0.00801493	0.00787007	0.00381856	0.01261330	0.01899226	0.03136262
-0.01054556	0.05463804	0.01116108	0.00888435	0.00375920	0.01266069	0.01905659	0.02881387
-0.00929302	0.05364496	0.01422065	0.00991432	0.00364621	0.01242336	0.01924043	0.02639837
-0.00810168	0.05210940	0.01696754	0.01055465	0.00319497	0.01233197	0.01943951	0.02419323
-0.00690389	0.05048998	0.01978857	0.01125386	0.00335882	0.01230702	0.01926436	0.02219248
-0.00610796	0.04845603	0.02204119	0.01206177	0.00317269	0.01195835	0.01920708	0.02013938
-0.00499853	0.04627353	0.02425246	0.01275166	0.00287235	0.01185126	0.01884449	0.01825531
-0.00427428	0.04405807	0.02615790	0.01299748	0.00272486	0.01161538	0.01858797	0.01671764
-0.00348377	0.04162243	0.02759641	0.01341075	0.00256473	0.01128616	0.01836035	0.01505698
-0.00281153	0.03930939	0.02896838	0.01368266	0.00228620	0.01126753	0.01786210	0.01374353
-0.00216721	0.03700439	0.02973909	0.01362266	0.00190866	0.01056541	0.01747762	0.01249163
-0.00193298	0.03461486	0.03021301	0.01369632	0.00184749	0.01046649	0.01699749	0.01121781
-0.00211817	0.03495506	0.03044247	0.01421081	0.00184517	0.01069105	0.01753212	0.01242494
-0.00256271	0.03514530	0.03038078	0.01483394	0.00189414	0.01101977	0.01837681	0.01351008
-0.00293671	0.03505775	0.03030883	0.01509000	0.00186247	0.01110535	0.01898435	0.01462033
-0.00341006	0.03460590	0.02964311	0.01541712	0.00195357	0.01126857	0.01968167	0.01566544
-0.00390779	0.03405596	0.02888530	0.01588983	0.00184412	0.01127350	0.02025172	0.01656456
-0.00448721	0.03325795	0.02766378	0.01612249	0.00209566	0.01115555	0.02070902	0.01764992
-0.00501342	0.03207684	0.02612740	0.01631262	0.00188209	0.01142205	0.02123148	0.01833376
-0.00572084	0.03116698	0.02434958	0.01682442	0.00192903	0.01152897	0.02157621	0.01901397
-0.00636470	0.02986190	0.02241319	0.01691067	0.00187140	0.01139250	0.02190933	0.01971023
-0.00694370	0.02826912	0.01998290	0.01713670	0.00192428	0.01136417	0.02202561	0.01978498
-0.00790627	0.02669330	0.01742418	0.01755325	0.00190387	0.01119236	0.02216884	0.02016509
-0.00842949	0.02523527	0.01499493	0.01740980	0.00210382	0.01103284	0.02223636	0.02002389
-0.00887309	0.02349758	0.01235749	0.01742506	0.00211217	0.01060862	0.02213981	0.02001060
-0.00961332	0.02201024	0.00972120	0.01769195	0.00193848	0.01046782	0.02179482	0.01949259
-0.01035964	0.02029378	0.00701207	0.01769716	0.00224873	0.01018003	0.02157742	0.01874326
-0.01106216	0.01834376	0.00463984	0.01784207	0.00227881	0.00961820	0.02113235	0.01808918
-0.01151685	0.01697568	0.00248776	0.01811927	0.00268224	0.00939777	0.02031223	0.01702049
-0.01198912	0.01547958	0.00042086	0.01827592	0.00269596	0.00867115	0.01959644	0.01600875
-0.01263920	0.01364348	-0.00165865	0.01862444	0.00315749	0.00848147	0.01865235	0.01455039
-0.01297459	0.01258546	-0.00261234	0.01898832	0.00353441	0.00768564	0.01746115	0.01317505
-0.01335233	0.01113719	-0.00378952	0.01940017	0.00389561	0.00710765	0.01642335	0.01191259
-0.01383695	0.00982012	-0.00468838	0.02002922	0.00436526	0.00642765	0.01527043	0.01024904
-0.01412631	0.00874101	-0.00499537	0.02063366	0.00507566	0.00583217	0.01386560	0.00866935
-0.01437217	0.00773265	-0.00523858	0.02176532	0.00582523	0.00506435	0.01254038	0.00743140
-0.01435947	0.00679288	-0.00546077	0.02264685	0.00656147	0.00442365	0.01103517	0.00560024
-0.01472204	0.00583645	-0.00511677	0.02365810	0.00747763	0.00382669	0.00982240	0.00422637
-0.01465727	0.00508472	-0.00472107	0.02471555	0.00842710	0.00310800	0.00820956	0.00280660
-0.01481274	0.00455535	-0.00451907	0.02587827	0.00954736	0.00255778	0.00698776	0.00144979
-0.01483003	0.00371913	-0.00390988	0.02715179	0.01068752	0.00191125	0.00555749	0.00039463
-0.01454027	0.00313552	-0.00335319	0.02813921	0.01212313	0.00141344	0.00448357	-0.00083800
-0.01444070	0.00273045	-0.00299657	0.02903664	0.01335465	0.00059965	0.00346964	-0.00183026
-0.01427453	0.00208177	-0.00227875	0.03002795	0.01487546	0.00033436	0.00235126	-0.00279439
-0.01410612	0.00174757	-0.00165454	0.03071568	0.01621424	-0.00034062	0.00146014	-0.00340886
-0.01381302	0.00132473	-0.00113118	0.03118432	0.01773441	-0.00082280	0.00052281	-0.00417620
-0.01348098	0.00105351	-0.00041381	0.03163744	0.01937509	-0.00088167	0.00005496	-0.00486976
-0.01327269	0.00081028	0.00004543	0.03156551	0.02062156	-0.00145689	-0.00053788	-0.00546532
-0.01285391	0.00042919	0.00016454	0.03165628	0.02198955	-0.00170384	-0.00101253	-0.00602336
-0.01264098	0.00054542	0.00065876	0.03150722	0.02330269	-0.00195218	-0.00123260	-0.00612212
-0.01224692	0.00023469	0.00107512	0.03123703	0.02450920	-0.00218835	-0.00158267	-0.00656045
-0.01198991	0.00008427	0.00145705	0.03071023	0.02560877	-0.00246720	-0.00199866	-0.00668143
-0.01262746	-0.00034730	-0.00006187	0.02992186	0.02870323	-0.00285598	-0.00370088	-0.00791666
-0.01342346	-0.00119981	-0.00165485	0.02863617	0.03188909	-0.00389062	-0.00564349	-0.00919526
-0.01429993	-0.00186146	-0.00303735	0.02688468	0.03512959	-0.00478024	-0.00803210	-0.01050155
-0.01499957	-0.00252975	-0.00496860	0.02488929	0.03890737	-0.00594429	-0.01060112	-0.01160931
-0.01624834	-0.00306535	-0.00671389	0.02241276	0.04236559	-0.00710636	-0.01358277	-0.01316810
-0.01704579	-0.00410509	-0.00836813	0.01948038	0.04610864	-0.00816155	-0.01702566	-0.01488569
-0.01791684	-0.00481253	-0.01023231	0.01593833	0.04982225	-0.01000506	-0.02068696	-0.01664463
-0.01898246	-0.00561044	-0.01221393	0.01198722	0.05334650	-0.01156666	-0.02447240	-0.01833704
-0.01973048	-0.00664517	-0.01392624	0.00804947	0.05660778	-0.01319047	-0.02851567	-0.02028833
-0.02039607	-0.00753965	-0.01559830	0.00386210	0.05940250	-0.01539253	-0.03294076	-0.02198875
-0.02136436	-0.00855518	-0.01727355	-0.00058385	0.06186628	-0.01773443	-0.03773257	-0.02383158
-0.02224623	-0.00960674	-0.01890270	-0.00504056	0.06344564	-0.02007369	-0.04238296	-0.02561432
-0.02304872	-0.01053307	-0.02030805	-0.00943378	0.06421340	-0.02269186	-0.04743834	-0.02756181
-0.02373305	-0.01147704	-0.02174761	-0.01337720	0.06400959	-0.02523425	-0.05226688	-0.02921351
-0.02426606	-0.01249085	-0.02290312	-0.01758019	0.06267888	-0.02844347	-0.05700811	-0.03088544
-0.02475377	-0.01358028	-0.02387555	-0.02122484	0.06020683	-0.03158200	-0.06143450	-0.03271329
-0.02512563	-0.01450132	-0.02484877	-0.02445036	0.05655790	-0.03498598	-0.06588252	-0.03374935
-0.02542730	-0.01545498	-0.02529522	-0.02732001	0.05172868	-0.03814175	-0.06953255	-0.03529675
-0.02546496	-0.01643249	-0.02585469	-0.02976264	0.04568210	-0.04168215	-0.07291883	-0.03663924
-0.02509097	-0.01707359	-0.02632499	-0.03164934	0.03875823	-0.04513148	-0.07556747	-0.03748010
-0.02387538	-0.01683502	-0.02571214	-0.02981835	0.03343250	-0.04291673	-0.07037404	-0.03464422
-0.02264004	-0.01627200	-0.02516692	-0.02809947	0.02866680	-0.04083552	-0.06524638	-0.03192087
-0.02130548	-0.01575969	-0.02448939	-0.02628996	0.02481509	-0.03874982	-0.06070694	-0.02923355
-0.02009553	-0.01527028	-0.02366898	-0.02447387	0.02178394	-0.03694141	-0.05638705	-0.02715426
-0.01873077	-0.01463616	-0.02275368	-0.02282267	0.01893054	-0.03490711	-0.05221174	-0.02477770
-0.01762800	-0.01428346	-0.02208883	-0.02141454	0.01678193	-0.03294203	-0.04833624	-0.02285339
-0.01653540	-0.01380791	-0.02144619	-0.02002785	0.01485433	-0.03112291	-0.04499807	-0.02113834
-0.01570614	-0.01319680	-0.02053104	-0.01888750	0.01324374	-0.02932718	-0.04171604	-0.01920543
-0.01481014	-0.01249345	-0.01980388	-0.01752712	0.01183148	-0.02793164	-0.03883166	-0.01779861
-0.01368802	-0.01229056	-0.01881156	-0.01623676	0.01064421	-0.02620008	-0.03618630	-0.01635898
-0.01344882	-0.01268814	-0.01890180	-0.01724427	0.00863792	-0.02739622	-0.03690037	-0.01652999
-0.01301418	-0.01321565	-0.01893821	-0.01771848	0.00707943	-0.02845474	-0.03752066	-0.01677025
-0.01259176	-0.01377888	-0.01899025	-0.01808196	0.00512418	-0.02952861	-0.03793180	-0.01690010
-0.01223311	-0.01397909	-0.01894000	-0.01863495	0.00284782	-0.03049267	-0.03804220	-0.01718956
-0.01134614	-0.01413613	-0.01874548	-0.01869903	0.00111809	-0.03092699	-0.03829140	-0.01722175
-0.01088331	-0.01436552	-0.01863309	-0.01902661	-0.00068493	-0.03215643	-0.03820492	-0.01719092
-0.01008550	-0.01472057	-0.01836076	-0.01894197	-0.00274001	-0.03249137	-0.03767656	-0.01685050
-0.00906797	-0.01483239	-0.01809029	-0.01921932	-0.00438188	-0.03265656	-0.03744096	-0.01703429
-0.00841495	-0.01509662	-0.01761635	-0.01909593	-0.00596544	-0.03286885	-0.03675340	-0.01676644
-0.00730171	-0.01531195	-0.01752397	-0.01878802	-0.00766039	-0.03289366	-0.03596970	-0.01662934
-0.00653410	-0.01531546	-0.01706261	-0.01878000	-0.00913743	-0.03270638	-0.03507089	-0.01626008
-0.00538668	-0.01528812	-0.01667398	-0.01844510	-0.01046246	-0.03247452	-0.03406852	-0.01600684
-0.00447579	-0.01535487	-0.01602424	-0.01801686	-0.01177332	-0.03206631	-0.03289766	-0.01579058
-0.00339493	-0.01525504	-0.01562328	-0.01776490	-0.01279575	-0.03139560	-0.03186900	-0.01519448
-0.00236548	-0.01486943	-0.01515446	-0.01745904	-0.01350329	-0.03051522	-0.03065614	-0.01471976
-0.00133616	-0.01501642	-0.01469658	-0.01687085	-0.01450723	-0.02995922	-0.02920484	-0.01434813
-0.00016793	-0.01473154	-0.01419927	-0.01653959	-0.01501912	-0.02891279	-0.02802092	-0.01384106
0.00064416	-0.01470797	-0.01393606	-0.01591016	-0.01537830	-0.02776637	-0.02670377	-0.01338919
0.00160394	-0.01434726	-0.01332733	-0.01554607	-0.01598636	-0.02650665	-0.02528799	-0.01292673
0.00262133	-0.01414093	-0.01265460	-0.01513313	-0.01596529	-0.02538056	-0.02424089	-0.01228068
0.00296760	-0.01492349	-0.01344556	-0.01558258	-0.01679716	-0.02668934	-0.02493292	-0.01245324
0.00304924	-0.01530948	-0.01394358	-0.01627247	-0.01724222	-0.02824094	-0.02554766	-0.01223242
0.00344693	-0.01596337	-0.01447542	-0.01685321	-0.01799684	-0.02972081	-0.02646551	-0.01195496
0.00352064	-0.01654502	-0.01526207	-0.01737341	-0.01847507	-0.03116599	-0.02719311	-0.01157287
0.00393777	-0.01739842	-0.01584424	-0.01800877	-0.01844312	-0.03244874	-0.02785705	-0.01137588
0.00438608	-0.01796971	-0.01628445	-0.01830431	-0.01890582	-0.03364813	-0.02815082	-0.01112623
0.00464695	-0.01870279	-0.01663737	-0.01898712	-0.01906275	-0.03488107	-0.02876962	-0.01042876
0.00490039	-0.01940523	-0.01715569	-0.01922609	-0.01915203	-0.03583626	-0.02875817	-0.01007449
0.00530544	-0.01989715	-0.01773090	-0.01957516	-0.01898239	-0.03676403	-0.02902901	-0.00952150
0.00566530	-0.02061809	-0.01818187	-0.02005124	-0.01899583	-0.03755979	-0.02911901	-0.00873165
0.00603866	-0.02123844	-0.01878621	-0.02033381	-0.01871940	-0.03805690	-0.02897455	-0.00807749
0.00626580	-0.02183977	-0.01901798	-0.02033413	-0.01831710	-0.03823953	-0.02898580	-0.00709487
0.00642607	-0.02219215	-0.01952101	-0.02038092	-0.01813024	-0.03837199	-0.02861475	-0.00633503
0.00665995	-0.02302140	-0.01962673	-0.02057844	-0.01758275	-0.03863841	-0.02812988	-0.00519815
0.00694366	-0.02344266	-0.01993018	-0.02062699	-0.01728896	-0.03820135	-0.02742707	-0.00413642
0.00717101	-0.02369420	-0.02026169	-0.02047737	-0.01662401	-0.03780072	-0.02689035	-0.00292204
0.00728696	-0.02420880	-0.02033606	-0.02033879	-0.01600281	-0.03713400	-0.02619221	-0.00173395
0.00718261	-0.02455583	-0.02042307	-0.02000168	-0.01544604	-0.03658645	-0.02524913	-0.00010660
0.00736102	-0.02480715	-0.02049270	-0.01977498	-0.01475311	-0.03545750	-0.02436464	0.00118152
0.00739520	-0.02482175	-0.02061003	-0.01931850	-0.01425712	-0.03414094	-0.02325913	0.00233241
0.00738800	-0.02487122	-0.02050209	-0.01907314	-0.01341740	-0.03303323	-0.02204472	0.00367469
0.00721508	-0.02491720	-0.02010116	-0.01867465	-0.01269464	-0.03183699	-0.02086616	0.00522608
0.00676818	-0.02463839	-0.01997113	-0.01815261	-0.01198840	-0.03010634	-0.01960270	0.00658005
0.00659069	-0.02423354	-0.01983444	-0.01766515	-0.01142014	-0.02868531	-0.01833331	0.00788959
0.00616981	-0.02404234	-0.01919631	-0.01704670	-0.01054228	-0.02701011	-0.01735953	0.00918390
0.00580375	-0.02325017	-0.01893443	-0.01630377	-0.00983262	-0.02539128	-0.01589694	0.01059923
0.00546643	-0.02268314	-0.01821722	-0.01565380	-0.00915785	-0.02361771	-0.01458030	0.01159671
0.00502945	-0.02204977	-0.01796601	-0.01512014	-0.00870141	-0.02191633	-0.01355345	0.01284814
0.00471812	-0.02100723	-0.01730944	-0.01440938	-0.00783049	-0.02052877	-0.01234866	0.01385996
0.00409916	-0.02004369	-0.01668103	-0.01357762	-0.00751848	-0.01895435	-0.01126707	0.01453064
0.00340535	-0.01907874	-0.01604058	-0.01289105	-0.00676223	-0.01729441	-0.00997849	0.01524863
0.00301251	-0.01783354	-0.01538142	-0.01239344	-0.00630721	-0.01587187	-0.00910090	0.01599864
0.00235070	-0.01658516	-0.01453551	-0.01174405	-0.00576065	-0.01458033	-0.00824789	0.01675778
0.00192819	-0.01534228	-0.01376539	-0.01095748	-0.00529469	-0.01309807	-0.00708051	0.01708484
0.00117034	-0.01384231	-0.01292611	-0.01038141	-0.00505181	-0.01205903	-0.00616660	0.01735011
0.00064156	-0.01227375	-0.01240679	-0.00974147	-0.00431405	-0.01081192	-0.00531911	0.01757843
0.00047774	-0.01096298	-0.01160005	-0.00913726	-0.00395564	-0.00983846	-0.00446201	0.01778733
-0.00041962	-0.00944255	-0.01074455	-0.00836298	-0.00364536	-0.00842576	-0.00366812	0.01777476
-0.00063191	-0.00784653	-0.01002323	-0.00771113	-0.00331929	-0.00756426	-0.00305635	0.01757589
-0.00103763	-0.00642758	-0.00932862	-0.00739944	-0.00306518	-0.00689024	-0.00251900	0.01760724
-0.00213493	-0.00651031	-0.00969890	-0.00735917	-0.00276019	-0.00682234	-0.00262095	0.01838545
-0.00304829	-0.00657792	-0.01014489	-0.00760361	-0.00276415	-0.00686519	-0.00243088	0.01892046
-0.00421435	-0.00625530	-0.01032299	-0.00750650	-0.00277064	-0.00680366	-0.00275153	0.01985918
-0.00526105	-0.00636729	-0.01094582	-0.00764789	-0.00250500	-0.00657345	-0.00240936	0.02034108
-0.00642084	-0.00601079	-0.01122121	-0.00780961	-0.00226748	-0.00651580	-0.00216195	0.02076639
-0.00727116	-0.00567490	-0.01171222	-0.00773111	-0.00208770	-0.00640452	-0.00220439	0.02172202
-0.00858004	-0.00546884	-0.01178749	-0.00794126	-0.00176299	-0.00617683	-0.00216697	0.02193304
-0.00962339	-0.00471771	-0.01228197	-0.00795652	-0.00175519	-0.00597978	-0.00200923	0.02250768
-0.01044524	-0.00417497	-0.01278340	-0.00786043	-0.00161596	-0.00563738	-0.00193155	0.02316809
-0.01119368	-0.00378688	-0.01287362	-0.00758912	-0.00130710	-0.00523782	-0.00165705	0.02320452
-0.01205067	-0.00268911	-0.01300122	-0.00755923	-0.00129510	-0.00485076	-0.00157400	0.02388983
-0.01279814	-0.00214334	-0.01315424	-0.00758759	-0.00094511	-0.00441465	-0.00133272	0.02423256
-0.01321953	-0.00124634	-0.01322715	-0.00740457	-0.00081791	-0.00408492	-0.00100944	0.02453637
-0.01368082	-0.00002452	-0.01319261	-0.00715719	-0.00052003	-0.00381672	-0.00071645	0.02460832
-0.01401796	0.00090701	-0.01326387	-0.00689625	-0.00044847	-0.00323792	-0.00024713	0.02462103
-0.01447835	0.00197795	-0.01336119	-0.00666217	-0.00005376	-0.00286888	-0.00008735	0.02446342
-0.01448733	0.00324053	-0.01319505	-0.00631467	0.00012795	-0.00231291	0.00041974	0.02443936
-0.01462020	0.00440793	-0.01296688	-0.00584117	0.00007911	-0.00181998	0.00090485	0.02402205
-0.01454716	0.00562648	-0.01232134	-0.00552005	0.00030998	-0.00134529	0.00131417	0.02369215
-0.01456092	0.00724354	-0.01217286	-0.00528572	0.00044479	-0.00099329	0.00179231	0.02364006
-0.01434760	0.00810759	-0.01151541	-0.00476664	0.00062253	-0.00032142	0.00215520	0.02296532
-0.01411094	0.00937112	-0.01084009	-0.00416350	0.00092363	0.00006262	0.00266503	0.02261402
-0.01375262	0.01050353	-0.01010892	-0.00368444	0.00100142	0.00060795	0.00317031	0.02213820
-0.01321276	0.01161154	-0.00935615	-0.00297035	0.00117505	0.00082230	0.00343865	0.02138890
-0.01282521	0.01270555	-0.00848906	-0.00257339	0.00126896	0.00117396	0.00391476	0.02068660
-0.01238515	0.01353732	-0.00762974	-0.00201361	0.00131018	0.00157282	0.00449584	0.01994042
-0.01188315	0.01440571	-0.00666819	-0.00156284	0.00134180	0.00184347	0.00482696	0.01902901
-0.01123158	0.01513603	-0.00560086	-0.00073417	0.00132954	0.00224879	0.00511114	0.01831736
-0.01063794	0.01566783	-0.00429315	-0.00023168	0.00174244	0.00254747	0.00537808	0.01761919
-0.01010959	0.01592661	-0.00320158	0.00033207	0.00169235	0.00268897	0.00575886	0.01679080
-0.00965720	0.01651064	-0.00198373	0.00075117	0.00170419	0.00303169	0.00606538	0.01602818
-0.00875165	0.01691069	-0.00080587	0.00122271	0.00173191	0.00329666	0.00637793	0.01530530
-0.00840670	0.01680448	0.00026527	0.00190614	0.00155695	0.00334456	0.00667338	0.01434038
-0.00784385	0.01697955	0.00149468	0.00226141	0.00167254	0.00363206	0.00668684	0.01364359
-0.00733934	0.01673542	0.00245473	0.00292842	0.00154283	0.00381067	0.00690107	0.01281182
-0.00685110	0.01676531	0.00358793	0.00328197	0.00145432	0.00386328	0.00708345	0.01197360
-0.00649801	0.01670419	0.00465124	0.00369403	0.00147233	0.00404147	0.00723249	0.01139302
-0.00593655	0.01625806	0.00528616	0.00411157	0.00175076	0.00395961	0.00753891	0.01081335
-0.00534388	0.01587688	0.00623186	0.00439092	0.00136546	0.00417015	0.00739458	0.01020779
-0.00496963	0.01578158	0.00718876	0.00468847	0.00147071	0.00394528	0.00753499	0.00949092
-0.00528591	0.01556443	0.00670383	0.00456913	0.00121155	0.00413499	0.00745283	0.00989021
-0.00584813	0.01517319	0.00575154	0.00435410	0.00131962	0.00414075	0.00753592	0.01022608
-0.00595259	0.01476061	0.00525880	0.00452426	0.00131800	0.00383032	0.00737477	0.01035949
-0.00633877	0.01418161	0.00461694	0.00421412	0.00140942	0.00364994	0.00730150	0.01057843
-0.00682746	0.01378475	0.00355725	0.00438118	0.00153888	0.00369174	0.00716193	0.01081890
-0.00715311	0.01343586	0.00284374	0.00412509	0.00155350	0.00340702	0.00728934	0.01111658
-0.00748412	0.01278105	0.00213121	0.00395462	0.00180968	0.00323179	0.00690253	0.01104692
-0.00773644	0.01203431	0.00113025	0.00353155	0.00179383	0.00320015	0.00670215	0.01116271
-0.00822244	0.01128089	0.00019441	0.00361659	0.00193580	0.00274933	0.00635690	0.01110529
-0.00869367	0.01085277	-0.00076599	0.00339237	0.00196042	0.00264895	0.00613480	0.01073893
-0.00874099	0.00979770	-0.00168003	0.00331015	0.00204854	0.00234854	0.00570652	0.01050282
-0.00912693	0.00935144	-0.00290375	0.00315177	0.00213446	0.00210865	0.00537210	0.01060151
-0.00968556	0.00851017	-0.00378325	0.00302835	0.00224734	0.00188191	0.00474212	0.01010676
-0.00972744	0.00792494	-0.00471523	0.00281429	0.00253699	0.00146487	0.00432653	0.00983851
-0.00987869	0.00709921	-0.00538284	0.00266778	0.00265135	0.00094257	0.00373882	0.00902006
-0.01030666	0.00644425	-0.00604740	0.00268251	0.00301189	0.00087013	0.00315841	0.00874451
-0.01035164	0.00565307	-0.00685444	0.00250014	0.00329126	0.00035394	0.00263636	0.00823302
-0.01082820	0.00499488	-0.00746867	0.00252051	0.00358754	0.00005414	0.00197294	0.00744294
-0.01102514	0.00450873	-0.00793563	0.00241298	0.00366628	-0.00010957	0.00149415	0.00668306
-0.01117619	0.00387297	-0.00824955	0.00242304	0.00414351	-0.00074366	0.00071383	0.00634373
-0.01127011	0.00335388	-0.00869760	0.00237856	0.00461312	-0.00109112	-0.00004843	0.00547912
-0.01145650	0.00281644	-0.00903799	0.00267787	0.00493169	-0.00138815	-0.00084466	0.00468252
-0.01139333	0.00235706	-0.00900980	0.00262612	0.00513968	-0.00175857	-0.00121098	0.00395847
-0.01152884	0.00182664	-0.00906862	0.00273832	0.00578734	-0.00216828	-0.00197473	0.00348010
-0.01146516	0.00135205	-0.00927482	0.00296257	0.00612205	-0.00247372	-0.00238455	0.00256618
-0.01151752	0.00101725	-0.00901411	0.00333855	0.00641893	-0.00280327	-0.00335810	0.00185067
-0.01167329	0.00073515	-0.00874965	0.00350475	0.00712205	-0.00312648	-0.00367832	0.00117576
-0.01143553	0.00041431	-0.00872722	0.00393450	0.00760861	-0.00357285	-0.00424640	0.00023984
-0.01130498	0.00025283	-0.00845750	0.00415147	0.00827204	-0.00358478	-0.00475016	-0.00024158
-0.01115185	-0.00015847	-0.00813782	0.00466148	0.00885703	-0.00379283	-0.00536386	-0.00069230
-0.01130520	-0.00037083	-0.00808335	0.00508118	0.00958223	-0.00415412	-0.00575662	-0.00124992
-0.01106198	-0.00047316	-0.00748184	0.00525139	0.01013915	-0.00429866	-0.00594121	-0.00161533
-0.01088522	-0.00058147	-0.00699033	0.00569315	0.01074848	-0.00466645	-0.00643993	-0.00225872
-0.01063291	-0.00087759	-0.00672014	0.00626399	0.01113398	-0.00451929	-0.00657574	-0.00286686
-0.01059041	-0.00102743	-0.00608399	0.00635040	0.01196977	-0.00473392	-0.00675108	-0.00304617
-0.01028824	-0.00117740	-0.00590363	0.00689908	0.01243137	-0.00504074	-0.00684252	-0.00360677
-0.00998529	-0.00125087	-0.00568464	0.00716744	0.01279354	-0.00504155	-0.00697153	-0.00386476
-0.00970199	-0.00138885	-0.00500896	0.00759311	0.01358133	-0.00493273	-0.00691380	-0.00398007
-0.00979404	-0.00135412	-0.00473554	0.00789881	0.01404209	-0.00502105	-0.00677422	-0.00432924
-0.00947520	-0.00141340	-0.00433107	0.00789504	0.01452836	-0.00499211	-0.00683607	-0.00457784
-0.00969327	-0.00225986	-0.00525789	0.00715503	0.01517625	-0.00573711	-0.00804244	-0.00483985
-0.01011253	-0.00241985	-0.00600583	0.00620346	0.01606499	-0.00630008	-0.00934810	-0.00574277
-0.01055420	-0.00288320	-0.00720481	0.00531982	0.01665942	-0.00719568	-0.01060426	-0.00617148
-0.01113403	-0.00322217	-0.00784399	0.00403196	0.01749867	-0.00788978	-0.01211041	-0.00686221
-0.01151518	-0.00381689	-0.00906710	0.00297466	0.01800069	-0.00881093	-0.01323122	-0.00743597
-0.01182944	-0.00443592	-0.00973709	0.00175188	0.01863472	-0.00956409	-0.01502286	-0.00792929
-0.01229633	-0.00500738	-0.01066514	0.00031828	0.01896136	-0.01057821	-0.01659462	-0.00872681
-0.01245542	-0.00544100	-0.01153522	-0.00096704	0.01934547	-0.01138425	-0.01814361	-0.00946105
-0.01296199	-0.00594433	-0.01251506	-0.00234726	0.01949220	-0.01248771	-0.02002046	-0.01008669
-0.01323878	-0.00663422	-0.01340376	-0.00403052	0.01952007	-0.01356877	-0.02175164	-0.01079968
-0.01346144	-0.00719942	-0.01418913	-0.00556207	0.01945337	-0.01474174	-0.02330980	-0.01135405
-0.01373052	-0.00774912	-0.01513040	-0.00695066	0.01910249	-0.01599362	-0.02507191	-0.01211741
-0.01398421	-0.00839446	-0.01559674	-0.00843024	0.01882851	-0.01736492	-0.02691265	-0.01278462
-0.01418504	-0.00892725	-0.01666135	-0.00959082	0.01823662	-0.01862726	-0.02845159	-0.01346491
-0.01412358	-0.00966313	-0.01702321	-0.01119516	0.01721541	-0.01977173	-0.03002029	-0.01397841
-0.01432781	-0.01019210	-0.01755534	-0.01217779	0.01623386	-0.02114321	-0.03153812	-0.01452883
-0.01423922	-0.01082135	-0.01799634	-0.01355459	0.01515729	-0.02243147	-0.03268124	-0.01506202
-0.01398989	-0.01135316	-0.01821938	-0.01449410	0.01379815	-0.02365447	-0.03386216	-0.01553165
-0.01406510	-0.01164851	-0.01863128	-0.01532243	0.01223827	-0.02494747	-0.03516038	-0.01591134
-0.01375950	-0.01237995	-0.01879990	-0.01640248	0.01067303	-0.02629577	-0.03607479	-0.01635301
-0.01293376	-0.01160649	-0.01793367	-0.01523737	0.00954147	-0.02451706	-0.03377150	-0.01492348
-0.01211937	-0.01116063	-0.01726548	-0.01424704	0.00855323	-0.02349312	-0.03147566	-0.01376286
-0.01148567	-0.01055575	-0.01652511	-0.01342722	0.00774783	-0.02204448	-0.02931835	-0.01255809
-0.01080206	-0.01029001	-0.01584933	-0.01257269	0.00700660	-0.02108588	-0.02718889	-0.01159023
-0.01018347	-0.00992943	-0.01506115	-0.01166258	0.00632817	-0.01967644	-0.02545233	-0.01060552
-0.00955764	-0.00941137	-0.01445839	-0.01089196	0.00582085	-0.01863311	-0.02392510	-0.00986604
-0.00914127	-0.00890727	-0.01376734	-0.01030247	0.00541315	-0.01766249	-0.02225409	-0.00904524
-0.00828246	-0.00857176	-0.01314779	-0.00983631	0.00491142	-0.01664981	-0.02084593	-0.00831798
-0.00800838	-0.00834569	-0.01254448	-0.00905273	0.00462413	-0.01570148	-0.01979966	-0.00754734
-0.00780345	-0.00784688	-0.01189246	-0.00851528	0.00398696	-0.01494064	-0.01862603	-0.00703475
-0.00748309	-0.00815344	-0.01227959	-0.00886263	0.00360104	-0.01541092	-0.01880410	-0.00700577
-0.00723074	-0.00834921	-0.01210026	-0.00925730	0.00283003	-0.01615654	-0.01905795	-0.00709938
-0.00695176	-0.00862905	-0.01233696	-0.00954997	0.00222008	-0.01611134	-0.01932340	-0.00737597
-0.00656438	-0.00879715	-0.01227970	-0.00975103	0.00192012	-0.01655748	-0.01935171	-0.00731546
-0.00639838	-0.00906333	-0.01223589	-0.01001698	0.00102906	-0.01675917	-0.01961002	-0.00727956
-0.00592141	-0.00922769	-0.01216319	-0.01013671	0.00058468	-0.01715592	-0.01957299	-0.00746706
-0.00561376	-0.00932423	-0.01208989	-0.01041215	-0.00043059	-0.01703332	-0.01948469	-0.00754194
-0.00521896	-0.00941158	-0.01192729	-0.01049013	-0.00112467	-0.01731285	-0.01956153	-0.00749790
-0.00466344	-0.00944263	-0.01191959	-0.01047772	-0.00162966	-0.01731511	-0.01936587	-0.00738395
-0.00431640	-0.00951417	-0.01167550	-0.01042898	-0.00203929	-0.01738188	-0.01891120	-0.00729241
-0.00367788	-0.00973836	-0.01146857	-0.01055856	-0.00273721	-0.01733604	-0.01866986	-0.00716879
-0.00332364	-0.00967401	-0.01157867	-0.01029067	-0.00344226	-0.01726271	-0.01853314	-0.00734624
-0.00285512	-0.00970023	-0.01119418	-0.01042404	-0.00395745	-0.01717958	-0.01820649	-0.00715645
-0.00249172	-0.00980506	-0.01101987	-0.01033792	-0.00421523	-0.01677967	-0.01788586	-0.00713366
-0.00170240	-0.00979344	-0.01070966	-0.01045312	-0.00490971	-0.01697634	-0.01753015	-0.00684128
-0.00143401	-0.00976957	-0.01066542	-0.01015528	-0.00527540	-0.01656170	-0.01701997	-0.00662067
-0.00103709	-0.00976125	-0.01029152	-0.01010201	-0.00572288	-0.01624209	-0.01683388	-0.00656864
-0.00038317	-0.00965643	-0.00999320	-0.00995473	-0.00608331	-0.01570846	-0.01616088	-0.00635165
0.00014379	-0.00955310	-0.00940537	-0.00967234	-0.00624534	-0.01561840	-0.01558274	-0.00630118
0.00051253	-0.00939157	-0.00936086	-0.00972036	-0.00665434	-0.01497691	-0.01518312	-0.00610726
0.00058623	-0.00963746	-0.01005573	-0.01007568	-0.00687177	-0.01540152	-0.01530258	-0.00585154
0.00084313	-0.00999424	-0.01029440	-0.01015668	-0.00713667	-0.01596800	-0.01576227	-0.00572609
0.00069580	-0.01034793	-0.01065550	-0.01044643	-0.00727519	-0.01632055	-0.01595052	-0.00562429
0.00075500	-0.01052534	-0.01078458	-0.01045697	-0.00745220	-0.01689117	-0.01623076	-0.00560502
0.00089871	-0.01073045	-0.01087501	-0.01089124	-0.00765176	-0.01739072	-0.01636951	-0.00521485
0.00089079	-0.01104703	-0.01132056	-0.01112461	-0.00772149	-0.01763082	-0.01657821	-0.00464711
0.00104083	-0.01132679	-0.01165720	-0.01131547	-0.00785226	-0.01793840	-0.01680846	-0.00473016
0.00114080	-0.01133336	-0.01186634	-0.01151456	-0.00788292	-0.01814930	-0.01673928	-0.00412020
0.00113384	-0.01175584	-0.01203398	-0.01190168	-0.00789115	-0.01854241	-0.01683648	-0.00369762
0.00131461	-0.01200275	-0.01222994	-0.01180108	-0.00797794	-0.01886515	-0.01680732	-0.00328585
0.00091222	-0.01208679	-0.01238254	-0.01187218	-0.00784459	-0.01896096	-0.01659384	-0.00293810
0.00118880	-0.01218076	-0.01262331	-0.01210353	-0.00804114	-0.01876030	-0.01649607	-0.00251408
0.00111238	-0.01235414	-0.01291519	-0.01221117	-0.00805685	-0.01888285	-0.01629715	-0.00214676
0.00111850	-0.01242546	-0.01275164	-0.01219661	-0.00773793	-0.01884734	-0.01610949	-0.00132329
0.00119076	-0.01256592	-0.01297544	-0.01216596	-0.00772439	-0.01867843	-0.01588825	-0.00069825
0.00121108	-0.01277579	-0.01305720	-0.01217826	-0.00768819	-0.01849348	-0.01548248	-0.00029285
0.00122708	-0.01267617	-0.01309685	-0.01200217	-0.00770633	-0.01809863	-0.01519787	0.00021704
0.00118631	-0.01274218	-0.01320928	-0.01200555	-0.00715129	-0.01790551	-0.01482233	0.00075705
0.00114373	-0.01268154	-0.01321123	-0.01168924	-0.00716547	-0.01771942	-0.01423748	0.00143661
0.00091881	-0.01262726	-0.01305800	-0.01169858	-0.00696442	-0.01733684	-0.01397312	0.00187153
0.00114238	-0.01240016	-0.01308978	-0.01155100	-0.00673273	-0.01689074	-0.01316187	0.00278233
0.00086033	-0.01240164	-0.01302667	-0.01125666	-0.00675242	-0.01632739	-0.01290074	0.00318379
0.00097381	-0.01209186	-0.01277872	-0.01120253	-0.00619073	-0.01601530	-0.01253606	0.00387977
0.00086120	-0.01185425	-0.01260891	-0.01068842	-0.00594192	-0.01541121	-0.01186565	0.00450331
0.00079902	-0.01151325	-0.01243700	-0.01051728	-0.00584563	-0.01479117	-0.01096308	0.00487895
0.00057015	-0.01120509	-0.01218938	-0.01031862	-0.00553147	-0.01408794	-0.01071880	0.00547834
0.00060933	-0.01088255	-0.01195393	-0.01006673	-0.00537776	-0.01352276	-0.01010635	0.00589804
0.00031758	-0.01067964	-0.01177271	-0.00965967	-0.00522461	-0.01298385	-0.00959813	0.00639980
0.00037240	-0.00998595	-0.01145582	-0.00943847	-0.00471585	-0.01227611	-0.00894848	0.00687025
-0.00002933	-0.00958151	-0.01107931	-0.00892522	-0.00458207	-0.01167470	-0.00856123	0.00719544
-0.00020381	-0.00898961	-0.01079860	-0.00866775	-0.00459807	-0.01104269	-0.00773105	0.00763900
0.00000175	-0.00858120	-0.01057491	-0.00860837	-0.00424661	-0.01036381	-0.00741354	0.00813771
-0.00018131	-0.00795294	-0.00995284	-0.00788188	-0.00399882	-0.00995407	-0.00693485	0.00836185
-0.00045567	-0.00710954	-0.00939553	-0.00763420	-0.00364612	-0.00914081	-0.00632289	0.00861903
-0.00035406	-0.00668080	-0.00907061	-0.00717027	-0.00344176	-0.00855678	-0.00574088	0.00875105
-0.00057902	-0.00607306	-0.00869346	-0.00708994	-0.00326620	-0.00811802	-0.00540479	0.00912734
-0.00084470	-0.00552465	-0.00841646	-0.00669414	-0.00299846	-0.00747253	-0.00477241	0.00909576
-0.00093083	-0.00459424	-0.00798619	-0.00631727	-0.00294463	-0.00707549	-0.00435011	0.00912721
-0.00104672	-0.00437218	-0.00765019	-0.00593168	-0.00281616	-0.00659846	-0.00382499	0.00929427
-0.00109614	-0.00372950	-0.00731832	-0.00577369	-0.00249289	-0.00586497	-0.00342656	0.00941291
-0.00170805	-0.00353608	-0.00736799	-0.00568526	-0.00247461	-0.00592700	-0.00361664	0.00964270
-0.00215753	-0.00349271	-0.00747897	-0.00570030	-0.00236640	-0.00584342	-0.00350373	0.00998173
-0.00281497	-0.00324130	-0.00757549	-0.00590108	-0.00224424	-0.00603673	-0.00358571	0.01018142
-0.00301897	-0.00326979	-0.00778439	-0.00585974	-0.00204559	-0.00584037	-0.00374756	0.01021871
-0.00355889	-0.00328245	-0.00814336	-0.00592065	-0.00194184	-0.00606048	-0.00348793	0.01061957
-0.00386112	-0.00313226	-0.00821646	-0.00581736	-0.00208133	-0.00608788	-0.00360832	0.01071875
-0.00432422	-0.00284042	-0.00824303	-0.00610299	-0.00203079	-0.00593840	-0.00344310	0.01089734
-0.00477257	-0.00263930	-0.00842965	-0.00602633	-0.00183533	-0.00594972	-0.00362342	0.01104544
-0.00526182	-0.00217847	-0.00839467	-0.00589859	-0.00166950	-0.00565763	-0.00329779	0.01119782
-0.00539551	-0.00185256	-0.00869259	-0.00563362	-0.00138387	-0.00560658	-0.00360892	0.01123948
-0.00588667	-0.00153375	-0.00856819	-0.00563020	-0.00138450	-0.00526526	-0.00332916	0.01141091
-0.00631131	-0.00125829	-0.00880237	-0.00566097	-0.00120565	-0.00496772	-0.00323211	0.01132170
-0.00650143	-0.00093868	-0.00863615	-0.00570677	-0.00110962	-0.00505256	-0.00289361	0.01136973
-0.00690483	-0.00039569	-0.00873571	-0.00541885	-0.00100317	-0.00467277	-0.00278261	0.01172595
-0.00704320	-0.00006679	-0.00870395	-0.00521001	-0.00074263	-0.00453545	-0.00261386	0.01150773
-0.00719295	0.00051354	-0.00872050	-0.00523091	-0.00068656	-0.00415770	-0.00241414	0.01140271
-0.00745754	0.00075164	-0.00834886	-0.00491942	-0.00044591	-0.00405711	-0.00224626	0.01134087
-0.00766629	0.00115027	-0.00831501	-0.00473186	-0.00039197	-0.00381408	-0.00235619	0.01148698
-0.00777122	0.00185071	-0.00818545	-0.00445424	-0.00024293	-0.00380490	-0.00206584	0.01129918
-0.00783731	0.00208835	-0.00760608	-0.00427622	-0.00002199	-0.00313945	-0.00168298	0.01106766
-0.00757885	0.00239494	-0.00759472	-0.00420021	0.00002384	-0.00307998	-0.00148052	0.01092997
-0.00765271	0.00286413	-0.00720309	-0.00389979	0.00000777	-0.00270596	-0.00118965	0.01098322
-0.00776915	0.00324385	-0.00692651	-0.00372388	0.00005969	-0.00244895	-0.00113288	0.01068170
-0.00764756	0.00382495	-0.00663313	-0.00322114	0.00016635	-0.00240001	-0.00079234	0.01063241
-0.00764231	0.00450211	-0.00635611	-0.00304676	0.00042936	-0.00210412	-0.00065678	0.01036335
-0.00750921	0.00478946	-0.00592987	-0.00278989	0.00031749	-0.00163269	-0.00027129	0.01006146
-0.00736284	0.00482142	-0.00543906	-0.00228828	0.00047833	-0.00157187	-0.00011572	0.00991695
-0.00731795	0.00526903	-0.00487528	-0.00213260	0.00050278	-0.00142692	0.00019775	0.00955247
-0.00713912	0.00560918	-0.00452252	-0.00177336	0.00066378	-0.00106030	0.00054666	0.00921919
-0.00699948	0.00563793	-0.00392071	-0.00152334	0.00058090	-0.00088524	0.00072965	0.00900274
-0.00669101	0.00600305	-0.00343334	-0.00115559	0.00054567	-0.00068765	0.00112091	0.00859903
-0.00655578	0.00655677	-0.00290052	-0.00075705	0.00064989	-0.00042450	0.00128085	0.00842056
-0.00629352	0.00676842	-0.00244194	-0.00056449	0.00101047	-0.00024600	0.00145211	0.00831331
-0.00602067	0.00667460	-0.00204948	-0.00031660	0.00095621	0.00018066	0.00167952	0.00773422
-0.00588959	0.00701549	-0.00127134	0.00003866	0.00100827	-0.00007368	0.00176106	0.00757807
-0.00559576	0.00713388	-0.00084864	0.00007123	0.00088750	0.00034449	0.00193626	0.00735942
-0.00539768	0.00724229	-0.00048142	0.00049576	0.00074446	0.00040418	0.00217974	0.00708786
-0.00509157	0.00720659	-0.00000668	0.00087501	0.00081582	0.00066332	0.00214258	0.00677611
-0.00482192	0.00730853	0.00045281	0.00108499	0.00092243	0.00076361	0.00233857	0.00638396
-0.00455247	0.00720528	0.00088248	0.00094014	0.00094434	0.00070063	0.00255995	0.00617898
-0.00474291	0.00689591	0.00066005	0.00136648	0.00092501	0.00077138	0.00241380	0.00623968
-0.00508055	0.00688261	0.00029792	0.00094161	0.00096335	0.00061116	0.00228202	0.00636144
-0.00524459	0.00660375	-0.00001458	0.00098279	0.00108304	0.00038033	0.00198789	0.00635897
-0.00528639	0.00631356	-0.00048525	0.00092482	0.00117798	0.00033996	0.00182759	0.00649441
-0.00550320	0.00600010	-0.00103709	0.00080515	0.00112401	-0.00000677	0.00193453	0.00629722
-0.00577361	0.00570225	-0.00129213	0.00055186	0.00109314	-0.00013419	0.00170606	0.00625585
-0.00583117	0.00549865	-0.00172248	0.00056575	0.00122508	-0.00036323	0.00131747	0.00624842
-0.00623514	0.00521184	-0.00214824	0.00044799	0.00128482	-0.00061226	0.00110219	0.00612939
-0.00641410	0.00480494	-0.00237932	0.00021257	0.00142870	-0.00045433	0.00092911	0.00610017
-0.00654614	0.00450137	-0.00288537	0.00028186	0.00140099	-0.00090417	0.00053507	0.00595380
-0.00661982	0.00405459	-0.00326990	0.00013918	0.00166241	-0.00100092	0.00032054	0.00575196
-0.00690066	0.00384510	-0.00370541	-0.00005381	0.00165016	-0.00112195	-0.00005202	0.00547201
-0.00698850	0.00335950	-0.00384425	-0.00016303	0.00186815	-0.00175862	-0.00045852	0.00533499
-0.00704373	0.00302032	-0.00444624	-0.00025012	0.00184674	-0.00156150	-0.00066160	0.00510162
-0.00739919	0.00274122	-0.00490048	-0.00026254	0.00205210	-0.00186058	-0.00120856	0.00490651
-0.00723776	0.00232717	-0.00502611	-0.00043263	0.00220962	-0.00203561	-0.00146759	0.00454525
-0.00733415	0.00204015	-0.00515716	-0.00023377	0.00226844	-0.00235350	-0.00177935	0.00433068
-0.00765261	0.00194844	-0.00559910	-0.00051295	0.00251820	-0.00239155	-0.00195323	0.00404692
-0.00743681	0.00146575	-0.00570261	-0.00042354	0.00276430	-0.00279902	-0.00232226	0.00361960
-0.00780813	0.00124563	-0.00607540	-0.00043593	0.00267539	-0.00304817	-0.00267392	0.00319643
-0.00765746	0.00062732	-0.00617280	-0.00036204	0.00312410	-0.00307004	-0.00324746	0.00309287
-0.00778797	0.00051168	-0.00611973	-0.00045513	0.00332889	-0.00339738	-0.00354603	0.00261918
-0.00739697	0.00039675	-0.00631877	-0.00051653	0.00366296	-0.00361607	-0.00372450	0.00237895
-0.00764394	0.00010644	-0.00617371	-0.00048524	0.00375315	-0.00383022	-0.00405132	0.00178431
-0.00785048	-0.00001417	-0.00613059	-0.00027523	0.00392672	-0.00370553	-0.00437982	0.00165980
-0.00769321	-0.00025333	-0.00635424	-0.00019453	0.00414177	-0.00402022	-0.00462010	0.00101872
-0.00781260	-0.00023802	-0.00628498	-0.00013873	0.00457499	-0.00420049	-0.00488809	0.00114900
-0.00785869	-0.00060804	-0.00628530	0.00000506	0.00443101	-0.00458542	-0.00513163	0.00069038
-0.00769078	-0.00084307	-0.00635619	0.00014002	0.00493294	-0.00442952	-0.00537506	0.00023007
-0.00761908	-0.00100079	-0.00615665	-0.00004584	0.00513072	-0.00460249	-0.00554654	-0.00020243
-0.00744575	-0.00104012	-0.00609600	0.00041153	0.00534346	-0.00493774	-0.00577349	-0.00047418
-0.00739925	-0.00116375	-0.00588080	0.00066502	0.00583770	-0.00505504	-0.00589439	-0.00073670
-0.00745993	-0.00132687	-0.00564493	0.00081887	0.00609646	-0.00481050	-0.00607748	-0.00101656
-0.00750620	-0.00133730	-0.00539417	0.00091467	0.00626416	-0.00502230	-0.00599772	-0.00139811
-0.00729049	-0.00138180	-0.00523112	0.00114786	0.00631305	-0.00493686	-0.00615571	-0.00155880
-0.00693927	-0.00134503	-0.00530816	0.00128057	0.00675329	-0.00506279	-0.00618219	-0.00166705
-0.00688971	-0.00159603	-0.00511942	0.00151479	0.00692544	-0.00494350	-0.00618834	-0.00201786
-0.00684130	-0.00175252	-0.00485509	0.00157244	0.00713944	-0.00498346	-0.00621275	-0.00218052
-0.00657353	-0.00157889	-0.00459017	0.00190870	0.00744648	-0.00508888	-0.00609192	-0.00230483
-0.00650658	-0.00178825	-0.00454902	0.00218633	0.00741682	-0.00492728	-0.00631520	-0.00244704
-0.00676439	-0.00195109	-0.00491151	0.00154607	0.00773614	-0.00521911	-0.00685664	-0.00275093
-0.00695821	-0.00217327	-0.00538703	0.00118006	0.00820102	-0.00589602	-0.00730684	-0.00283749
-0.00709256	-0.00250298	-0.00560339	0.00048989	0.00817253	-0.00629657	-0.00834471	-0.00319538
-0.00709823	-0.00286647	-0.00626969	0.00011171	0.00821488	-0.00652550	-0.00865241	-0.00338740
-0.00730217	-0.00323821	-0.00676724	-0.00044103	0.00800076	-0.00719787	-0.00939639	-0.00377937
-0.00764659	-0.00346509	-0.00734124	-0.00103371	0.00838479	-0.00768326	-0.00980033	-0.00397928
-0.00780512	-0.00364537	-0.00776443	-0.00160147	0.00817282	-0.00778677	-0.01076901	-0.00401194
-0.00792008	-0.00407617	-0.00836657	-0.00219378	0.00803610	-0.00866746	-0.01135132	-0.00450125
-0.00789777	-0.00433770	-0.00873937	-0.00286680	0.00810453	-0.00912909	-0.01232160	-0.00475350
-0.00807936	-0.00460492	-0.00907403	-0.00336764	0.00800480	-0.00960252	-0.01258349	-0.00496792
-0.00808409	-0.00517544	-0.00940474	-0.00387537	0.00789784	-0.01032966	-0.01362573	-0.00522543
-0.00817958	-0.00532463	-0.00973352	-0.00452031	0.00767354	-0.01064486	-0.01424640	-0.00552935
-0.00816896	-0.00570266	-0.01022484	-0.00509348	0.00750263	-0.01124301	-0.01478700	-0.00572453
-0.00824324	-0.00589130	-0.01056619	-0.00551047	0.00688907	-0.01188523	-0.01542054	-0.00589560
-0.00832276	-0.00639256	-0.01088670	-0.00632384	0.00687062	-0.01229235	-0.01621428	-0.00604063
-0.00809072	-0.00654652	-0.01132726	-0.00665723	0.00621175	-0.01294484	-0.01664946	-0.00628580
-0.00804498	-0.00684509	-0.01124885	-0.00716644	0.00574570	-0.01336825	-0.01730962	-0.00657200
-0.00806311	-0.00738448	-0.01142672	-0.00767919	0.00519202	-0.01398254	-0.01770936	-0.00663930
-0.00774676	-0.00763321	-0.01160688	-0.00811326	0.00468457	-0.01446324	-0.01783801	-0.00689462
-0.00755414	-0.00770446	-0.01188699	-0.00847615	0.00421817	-0.01498775	-0.01853479	-0.00705860
-0.00725707	-0.00759956	-0.01143937	-0.00798989	0.00385334	-0.01412544	-0.01736170	-0.00628632
-0.00670843	-0.00728248	-0.01069078	-0.00752336	0.00373345	-0.01325565	-0.01629916	-0.00585181
-0.00627997	-0.00693733	-0.01048257	-0.00720780	0.00328724	-0.01288201	-0.01541187	-0.00537484
-0.00596241	-0.00644960	-0.00996583	-0.00665125	0.00299868	-0.01207284	-0.01439804	-0.00504835
-0.00574102	-0.00618490	-0.00946486	-0.00632100	0.00281851	-0.01152401	-0.01368104	-0.00471116
-0.00529953	-0.00606847	-0.00901853	-0.00599542	0.00266075	-0.01114712	-0.01285384	-0.00416376
-0.00516507	-0.00573774	-0.00866472	-0.00561726	0.00231485	-0.01030052	-0.01226983	-0.00400092
-0.00484095	-0.00537472	-0.00811895	-0.00526219	0.00240460	-0.00984621	-0.01151743	-0.00378091
-0.00468763	-0.00509140	-0.00777568	-0.00511504	0.00217702	-0.00930550	-0.01092994	-0.00327863
-0.00449020	-0.00485339	-0.00765598	-0.00484992	0.00207716	-0.00892507	-0.01041009	-0.00298439
-0.00415109	-0.00507903	-0.00759455	-0.00492296	0.00186661	-0.00914018	-0.01045920	-0.00310136
-0.00416452	-0.00523970	-0.00773824	-0.00513039	0.00162524	-0.00933456	-0.01065017	-0.00308023
-0.00395762	-0.00530502	-0.00758257	-0.00549759	0.00124730	-0.00969754	-0.01050779	-0.00342324
-0.00382700	-0.00551490	-0.00773302	-0.00537984	0.00102360	-0.00945742	-0.01100830	-0.00327184
-0.00362783	-0.00555843	-0.00787185	-0.00548015	0.00070134	-0.00964272	-0.01090867	-0.00345119
-0.00339343	-0.00582072	-0.00784214	-0.00583341	0.00048682	-0.00979555	-0.01092471	-0.00341980
-0.00315496	-0.00583567	-0.00778599	-0.00587016	0.00025614	-0.00995314	-0.01084898	-0.00336899
-0.00298383	-0.00595032	-0.00756153	-0.00599666	-0.00041020	-0.00986909	-0.01103868	-0.00335430
-0.00275535	-0.00600041	-0.00766587	-0.00619729	-0.00048629	-0.01002704	-0.01075974	-0.00342278
-0.00249521	-0.00590375	-0.00789523	-0.00607670	-0.00080953	-0.01013095	-0.01108725	-0.00344015
-0.00228577	-0.00593706	-0.00748442	-0.00602691	-0.00098137	-0.01010483	-0.01080725	-0.00344079
-0.00221061	-0.00630526	-0.00761791	-0.00642936	-0.00115719	-0.01007060	-0.01051606	-0.00348542
-0.00167907	-0.00608042	-0.00737541	-0.00616840	-0.00139989	-0.01002244	-0.01071677	-0.00328020
-0.00164795	-0.00608787	-0.00741089	-0.00616864	-0.00184765	-0.00992925	-0.01051213	-0.00336303
-0.00143602	-0.00621231	-0.00717260	-0.00618286	-0.00173126	-0.00989199	-0.01046241	-0.00335096
-0.00109675	-0.00622261	-0.00727224	-0.00627308	-0.00198355	-0.00954612	-0.01015634	-0.00316286
-0.00079155	-0.00617637	-0.00710158	-0.00606225	-0.00233074	-0.00965058	-0.01012581	-0.00329132
-0.00061255	-0.00635909	-0.00676457	-0.00595288	-0.00275582	-0.00949422	-0.00998120	-0.00321610
-0.00034803	-0.00617002	-0.00683336	-0.00597537	-0.00284033	-0.00932174	-0.00972725	-0.00317481
-0.00021234	-0.00626422	-0.00675296	-0.00598728	-0.00310844	-0.00907849	-0.00960570	-0.00294559
-0.00026254	-0.00628405	-0.00687381	-0.00617128	-0.00325339	-0.00929595	-0.00952390	-0.00295792
0.00003851	-0.00637758	-0.00698242	-0.00637229	-0.00314516	-0.00943772	-0.00951775	-0.00261808
-0.00015176	-0.00660650	-0.00713920	-0.00652475	-0.00339463	-0.00963880	-0.00975540	-0.00254958
-0.00009369	-0.00639219	-0.00711444	-0.00671303	-0.00312289	-0.00989431	-0.00980552	-0.00245495
-0.00010052	-0.00658306	-0.00733059	-0.00666736	-0.00317116	-0.01001092	-0.00990494	-0.00238067
-0.00017116	-0.00654515	-0.00754469	-0.00688890	-0.00352906	-0.00998310	-0.01019163	-0.00198243
-0.00000476	-0.00670811	-0.00761646	-0.00699895	-0.00352250	-0.01023228	-0.00978068	-0.00201746
-0.00022829	-0.00700533	-0.00786483	-0.00697658	-0.00357291	-0.01040904	-0.00997246	-0.00167758
-0.00011211	-0.00694363	-0.00781754	-0.00714798	-0.00361119	-0.01052034	-0.00986242	-0.00148387
-0.00012527	-0.00710585	-0.00805044	-0.00713617	-0.00354415	-0.01043625	-0.00997913	-0.00114864
-0.00005167	-0.00693621	-0.00799298	-0.00727623	-0.00369168	-0.01048701	-0.00977815	-0.00091764
0.00006543	-0.00698271	-0.00838450	-0.00737155	-0.00379234	-0.01047012	-0.00987488	-0.00072653
-0.00025428	-0.00693597	-0.00831332	-0.00716310	-0.00389827	-0.01052369	-0.00974951	-0.00048621
-0.00009899	-0.00691838	-0.00844996	-0.00708152	-0.00361247	-0.01050505	-0.00936555	-0.00041490
-0.00020780	-0.00709471	-0.00831890	-0.00716887	-0.00385590	-0.01032359	-0.00951426	0.00021312
-0.00004078	-0.00691645	-0.00833304	-0.00720110	-0.00377071	-0.01028111	-0.00928703	0.00039774
-0.00008858	-0.00696138	-0.00830422	-0.00732407	-0.00385254	-0.01017846	-0.00904814	0.00064429
-0.00012467	-0.00684580	-0.00831211	-0.00713923	-0.00366641	-0.01015732	-0.00885481	0.00099314
-0.00026088	-0.00673453	-0.00834759	-0.00702803	-0.00362545	-0.00985378	-0.00868951	0.00125703
-0.00021677	-0.00676201	-0.00821704	-0.00706744	-0.00335611	-0.00977742	-0.00831573	0.00142745
-0.00019111	-0.00662147	-0.00828369	-0.00682926	-0.00359595	-0.00955644	-0.00835036	0.00178146
-0.00013838	-0.00660558	-0.00825487	-0.00696832	-0.00339479	-0.00942355	-0.00805716	0.00206771
-0.00028018	-0.00620934	-0.00806315	-0.00669374	-0.00357571	-0.00912100	-0.00774889	0.00227353
-0.00035141	-0.00604159	-0.00799957	-0.00660909	-0.00335141	-0.00887717	-0.00754331	0.00269099
-0.00031851	-0.00596714	-0.00780061	-0.00651854	-0.00332817	-0.00880729	-0.00732002	0.00293472
-0.00028767	-0.00596090	-0.00781818	-0.00642864	-0.00309296	-0.00848209	-0.00696331	0.00300414
-0.00035520	-0.00563393	-0.00751449	-0.00628962	-0.00293762	-0.00808193	-0.00666074	0.00329339
-0.00033859	-0.00544473	-0.00770490	-0.00610657	-0.00301986	-0.00789986	-0.00649149	0.00361989
-0.00064426	-0.00518863	-0.00740093	-0.00623206	-0.00263184	-0.00761404	-0.00612636	0.00375165
-0.00061819	-0.00494062	-0.00708402	-0.00577551	-0.00282799	-0.00729492	-0.00603822	0.00403430
-0.00062273	-0.00486871	-0.00703561	-0.00582437	-0.00275141	-0.00701001	-0.00558218	0.00443298
-0.00064310	-0.00437574	-0.00697888	-0.00554936	-0.00257110	-0.00691132	-0.00539698	0.00445360
-0.00087940	-0.00411585	-0.00659613	-0.00531470	-0.00253313	-0.00668881	-0.00499867	0.00457597
-0.00055338	-0.00393494	-0.00662772	-0.00509457	-0.00244395	-0.00632201	-0.00461926	0.00465772
-0.00060249	-0.00360106	-0.00624807	-0.00487397	-0.00237695	-0.00598060	-0.00442799	0.00509907
-0.00082476	-0.00328658	-0.00610258	-0.00502999	-0.00204562	-0.00559418	-0.00404803	0.00499356
-0.00080501	-0.00312109	-0.00582169	-0.00463570	-0.00218541	-0.00514544	-0.00369425	0.00498816
-0.00118347	-0.00266106	-0.00563932	-0.00436018	-0.00193923	-0.00504014	-0.00364097	0.00514504
-0.00083237	-0.00237112	-0.00534913	-0.00447310	-0.00191283	-0.00479821	-0.00336093	0.00542202
-0.00092391	-0.00205865	-0.00523067	-0.00420836	-0.00173364	-0.00460372	-0.00312883	0.00533852
-0.00113140	-0.00212226	-0.00530094	-0.00410320	-0.00183060	-0.00462405	-0.00307711	0.00545456
-0.00140890	-0.00199274	-0.00535407	-0.00410129	-0.00182175	-0.00469198	-0.00330311	0.00547848
-0.00163255	-0.00191966	-0.00535123	-0.00422939	-0.00176261	-0.00464219	-0.00314918	0.00562744
-0.00197220	-0.00166995	-0.00555572	-0.00408612	-0.00147863	-0.00468715	-0.00330164	0.00566751
-0.00201401	-0.00178646	-0.00554258	-0.00405582	-0.00131222	-0.00462160	-0.00319453	0.00572589
-0.00226310	-0.00157822	-0.00570595	-0.00417979	-0.00156148	-0.00463938	-0.00324808	0.00601195
-0.00248616	-0.00141181	-0.00561954	-0.00424278	-0.00133650	-0.00460124	-0.00317446	0.00596650
-0.00274621	-0.00136177	-0.00559088	-0.00405903	-0.00130931	-0.00437728	-0.00328485	0.00595883
-0.00279798	-0.00101539	-0.00563209	-0.00412318	-0.00118876	-0.00441824	-0.00318471	0.00587039
-0.00308644	-0.00112051	-0.00556737	-0.00400062	-0.00131589	-0.00431865	-0.00324356	0.00610319
-0.00322804	-0.00097991	-0.00557089	-0.00385071	-0.00121471	-0.00436362	-0.00305394	0.00602766
-0.00348495	-0.00060418	-0.00577346	-0.00375556	-0.00087240	-0.00421026	-0.00282739	0.00624113
-0.00375185	-0.00051188	-0.00550118	-0.00391101	-0.00092975	-0.00420018	-0.00301819	0.00591788
-0.00392924	-0.00063113	-0.00555288	-0.00366673	-0.00068899	-0.00391365	-0.00276083	0.00608786
-0.00383403	0.00003381	-0.00533319	-0.00351029	-0.00070103	-0.00386468	-0.00273698	0.00598252
-0.00397072	0.00000948	-0.00526718	-0.00352707	-0.00053669	-0.00388837	-0.00266452	0.00607521
-0.00412104	0.00016337	-0.00525051	-0.00357712	-0.00061243	-0.00376280	-0.00268315	0.00622701
-0.00408342	0.00052807	-0.00507396	-0.00326775	-0.00058584	-0.00346826	-0.00242024	0.00608699
-0.00427907	0.00063141	-0.00523291	-0.00312793	-0.00039752	-0.00347826	-0.00227254	0.00608649
-0.00421394	0.00069830	-0.00487088	-0.00307300	-0.00043405	-0.00344971	-0.00228495	0.00580246
-0.00429522	0.00098061	-0.00491316	-0.00291202	-0.00022274	-0.00316198	-0.00198807	0.00583700
-0.00447913	0.00106245	-0.00474181	-0.00283684	-0.00019411	-0.00283043	-0.00212891	0.00605764
-0.00448785	0.00120332	-0.00444763	-0.00265481	-0.00007733	-0.00279431	-0.00181144	0.00585443
-0.00447236	0.00145289	-0.00434135	-0.00263295	-0.00005300	-0.00263742	-0.00171011	0.00584328
-0.00453645	0.00177101	-0.00406923	-0.00241403	0.00012391	-0.00269357	-0.00154811	0.00554184
-0.00448067	0.00168645	-0.00398884	-0.00228823	0.00009444	-0.00222692	-0.00135970	0.00560339
-0.00435233	0.00206434	-0.00386491	-0.00207493	0.00021712	-0.00238636	-0.00134380	0.00559224
-0.00442092	0.00219164	-0.00339422	-0.00196533	0.00006814	-0.00203176	-0.00122645	0.00523700
-0.00449209	0.00242682	-0.00330231	-0.00164710	0.00029709	-0.00201056	-0.00085752	0.00529460
-0.00419062	0.00237300	-0.00286944	-0.00159107	0.00025748	-0.00185202	-0.00077866	0.00527479
-0.00440143	0.00262778	-0.00277200	-0.00125987	0.00026591	-0.00167539	-0.00073188	0.00487973
-0.00410637	0.00301142	-0.00255652	-0.00126174	0.00058892	-0.00153274	-0.00062628	0.00487904
-0.00422460	0.00286226	-0.00232587	-0.00096446	0.00029097	-0.00135045	-0.00027469	0.00490923
-0.00394507	0.00306801	-0.00201055	-0.00086318	0.00054094	-0.00131401	-0.00016003	0.00449162
-0.00404894	0.00298399	-0.00179609	-0.00064852	0.00031815	-0.00093424	-0.00004339	0.00419625
-0.00390188	0.00344615	-0.00171244	-0.00048552	0.00068581	-0.00110107	0.00022583	0.00441920
-0.00389889	0.00327805	-0.00116903	-0.00029864	0.00060467	-0.00081999	0.00007286	0.00427222
-0.00369931	0.00363793	-0.00107849	-0.00016768	0.00069824	-0.00082652	0.00039087	0.00432266
-0.00366029	0.00353532	-0.00093957	0.00001684	0.00076915	-0.00074030	0.00053372	0.00418743
-0.00350366	0.00355562	-0.00050948	-0.00000529	0.00073360	-0.00044530	0.00047531	0.00387346
-0.00345750	0.00356036	-0.00086354	-0.00001844	0.00085931	-0.00065239	0.00042940	0.00389157
-0.00366131	0.00335654	-0.00092588	-0.00001034	0.00056754	-0.00068475	0.00016444	0.00397401
-0.00393337	0.00323065	-0.00134302	-0.00023061	0.00075302	-0.00101790	-0.00013072	0.00392030
-0.00381772	0.00317416	-0.00138496	-0.00018583	0.00077261	-0.00098346	0.00004304	0.00385177
-0.00395554	0.00291330	-0.00147645	-0.00019919	0.00081547	-0.00117080	-0.00010688	0.00378758
-0.00392100	0.00255055	-0.00174184	-0.00036901	0.00084645	-0.00121511	-0.00025443	0.00396619
-0.00420945	0.00259133	-0.00190490	-0.00031531	0.00084047	-0.00126978	-0.00057218	0.00371839
-0.00436154	0.00244093	-0.00222771	-0.00044370	0.00073745	-0.00142976	-0.00062175	0.00366006
-0.00435558	0.00222715	-0.00234439	-0.00052857	0.00088364	-0.00175897	-0.00091559	0.00359683
-0.00441100	0.00192841	-0.00244282	-0.00049857	0.00092171	-0.00185385	-0.00092286	0.00343097
-0.00457347	0.00195798	-0.00272932	-0.00054103	0.00107535	-0.00180079	-0.00108529	0.00345027
-0.00462098	0.00161618	-0.00301891	-0.00058122	0.00128882	-0.00212660	-0.00137079	0.00358840
-0.00465200	0.00140879	-0.00318378	-0.00051626	0.00108272	-0.00207106	-0.00164314	0.00318431
-0.00471299	0.00138045	-0.00340486	-0.00069983	0.00127021	-0.00232671	-0.00169689	0.00311959
-0.00466008	0.00107985	-0.00327546	-0.00050847	0.00167647	-0.00235455	-0.00196604	0.00286060
-0.00481229	0.00115662	-0.00346650	-0.00083597	0.00147888	-0.00238141	-0.00219521	0.00255815
-0.00496332	0.00080358	-0.00359055	-0.00062637	0.00152360	-0.00261290	-0.00227994	0.00272353
-0.00505050	0.00053152	-0.00365997	-0.00092721	0.00165620	-0.00279325	-0.00254624	0.00232661
-0.00499083	0.00040913	-0.00384749	-0.00091744	0.00190884	-0.00294597	-0.00257952	0.00228583
-0.00493856	0.00028894	-0.00391936	-0.00089623	0.00177246	-0.00308611	-0.00279466	0.00195044
-0.00487755	0.00009738	-0.00398750	-0.00095396	0.00195879	-0.00314265	-0.00289718	0.00166451
-0.00518906	0.00010533	-0.00405145	-0.00090338	0.00205262	-0.00332219	-0.00319343	0.00179197
-0.00516556	-0.00009302	-0.00417721	-0.00079688	0.00222739	-0.00330238	-0.00324564	0.00128904
-0.00500139	-0.00025061	-0.00404530	-0.00099470	0.00227044	-0.00340855	-0.00338903	0.00136334
-0.00494053	-0.00044411	-0.00409223	-0.00082681	0.00248260	-0.00376911	-0.00364451	0.00119180
-0.00504261	-0.00058083	-0.00417596	-0.00075919	0.00262797	-0.00369437	-0.00383497	0.00094538
-0.00506954	-0.00053440	-0.00442268	-0.00075952	0.00266680	-0.00385128	-0.00386832	0.00079704
-0.00500133	-0.00066881	-0.00413122	-0.00086975	0.00261616	-0.00368017	-0.00410405	0.00067347
-0.00494668	-0.00072711	-0.00423068	-0.00052409	0.00268632	-0.00374695	-0.00406720	0.00029071
-0.00509731	-0.00094067	-0.00409161	-0.00033119	0.00309195	-0.00410803	-0.00435716	0.00032730
-0.00510693	-0.00088956	-0.00416192	-0.00057153	0.00306010	-0.00396031	-0.00433008	0.00004273
-0.00493617	-0.00092188	-0.00394033	-0.00037916	0.00330576	-0.00404440	-0.00448687	-0.00013474
-0.00482478	-0.00101055	-0.00398843	-0.00034242	0.00332052	-0.00413169	-0.00456063	-0.00024850
-0.00474149	-0.00115882	-0.00407263	-0.00022926	0.00332764	-0.00399585	-0.00439081	-0.00051087
-0.00476446	-0.00121496	-0.00405122	0.00013605	0.00361937	-0.00434828	-0.00456314	-0.00077175
-0.00453268	-0.00130526	-0.00370798	-0.00017034	0.00365018	-0.00417294	-0.00465116	-0.00073547
-0.00464517	-0.00115746	-0.00369994	0.00013978	0.00375190	-0.00419240	-0.00447058	-0.00089956
-0.00471028	-0.00130733	-0.00358089	0.00015124	0.00387927	-0.00420668	-0.00463815	-0.00091895
-0.00455892	-0.00143562	-0.00353766	0.00011781	0.00405202	-0.00398051	-0.00445960	-0.00118027
-0.00450567	-0.00144808	-0.00320442	0.00046499	0.00416631	-0.00386746	-0.00472649	-0.00123648
-0.00445281	-0.00155628	-0.00358135	-0.00006396	0.00408186	-0.00421639	-0.00491197	-0.00130649
-0.00453823	-0.00176491	-0.00401476	-0.00011802	0.00428214	-0.00460224	-0.00530208	-0.00139562
-0.00452180	-0.00187183	-0.00419419	-0.00034107	0.00452668	-0.00486276	-0.00548580	-0.00137712
-0.00475804	-0.00202855	-0.00448377	-0.00052723	0.00411437	-0.00498785	-0.00597991	-0.00165224
-0.00477089	-0.00244727	-0.00470040	-0.00093577	0.00409560	-0.00524768	-0.00622951	-0.00187596
-0.00486070	-0.00241751	-0.00497431	-0.00118629	0.00418678	-0.00552188	-0.00657588	-0.00188764
-0.00484181	-0.00256666	-0.00513257	-0.00146671	0.00408988	-0.00574038	-0.00692317	-0.00199612
-0.00495270	-0.00268768	-0.00542410	-0.00174288	0.00415029	-0.00605047	-0.00712282	-0.00214055
-0.00496579	-0.00297420	-0.00575202	-0.00203971	0.00390197	-0.00639922	-0.00739112	-0.00223831
-0.00481421	-0.00309923	-0.00582517	-0.00244078	0.00386873	-0.00661757	-0.00773326	-0.00244791
-0.00485143	-0.00356407	-0.00606515	-0.00257894	0.00372508	-0.00675475	-0.00807864	-0.00242736
-0.00493032	-0.00354081	-0.00621927	-0.00272247	0.00365602	-0.00708547	-0.00829089	-0.00228014
-0.00501935	-0.00371580	-0.00627284	-0.00305234	0.00333488	-0.00710697	-0.00872598	-0.00251812
-0.00499389	-0.00396602	-0.00651953	-0.00347254	0.00313523	-0.00766655	-0.00892723	-0.00273637
-0.00482922	-0.00406116	-0.00692522	-0.00376519	0.00340133	-0.00778349	-0.00915807	-0.00285054
-0.00472663	-0.00420153	-0.00700384	-0.00396831	0.00292992	-0.00805753	-0.00942315	-0.00274873
-0.00470780	-0.00423025	-0.00718729	-0.00427980	0.00252735	-0.00820053	-0.00974412	-0.00287109
-0.00458070	-0.00468329	-0.00722499	-0.00442001	0.00243544	-0.00848357	-0.00998328	-0.00318160
-0.00455642	-0.00466897	-0.00728854	-0.00469446	0.00230276	-0.00883986	-0.01019137	-0.00293843
-0.00443032	-0.00493380	-0.00736992	-0.00466177	0.00199105	-0.00893772	-0.01016297	-0.00305317
