0.00100000	0.00200000	0.35299999	-179.00000000	-178.00000000
0.00200000	0.00400000	0.35599998	-178.00000000	-176.00000000
0.00300000	0.00600000	0.35899997	-177.00000000	-174.00000000
0.00400000	0.00800000	0.36199996	-176.00000000	-172.00000000
0.00500000	0.01000000	0.36499995	-175.00000000	-170.00000000
0.00600000	0.01200000	0.36799994	-174.00000000	-168.00000000
0.00700000	0.01400000	0.37099993	-173.00000000	-166.00000000
0.00800000	0.01600000	0.37399992	-172.00000000	-164.00000000
0.00900000	0.01800000	0.37699991	-171.00000000	-162.00000000
0.01000000	0.02000000	0.37999991	-170.00000000	-160.00000000
0.01100000	0.02200000	0.38299990	-169.00000000	-158.00000000
0.01200000	0.02400000	0.38599989	-168.00000000	-156.00000000
0.01300000	0.02600000	0.38899988	-167.00000000	-154.00000000
0.01400000	0.02800000	0.39199987	-166.00000000	-152.00000000
0.01500000	0.03000000	0.39499986	-165.00000000	-150.00000000
0.01600000	0.03200000	0.39799985	-164.00000000	-148.00000000
0.01700000	0.03400000	0.40099984	-163.00000000	-146.00000000
0.01800000	0.03600000	0.40399984	-162.00000000	-144.00000000
0.01900000	0.03800000	0.40699983	-161.00000000	-142.00000000
0.02000000	0.04000000	0.40999982	-160.00000000	-140.00000000
0.02100000	0.04200000	0.41299981	-159.00000000	-138.00000000
0.02200000	0.04400000	0.41599980	-158.00000000	-136.00000000
0.02300000	0.04600000	0.41899979	-157.00000000	-134.00000000
0.02400000	0.04800000	0.42199978	-156.00000000	-132.00000000
0.02500000	0.05000000	0.42499977	-155.00000000	-130.00000000
0.02600000	0.05200000	0.42799976	-154.00000000	-128.00000000
0.02700000	0.05400001	0.43099976	-153.00000000	-126.00000000
0.02800000	0.05600001	0.43399975	-152.00000000	-124.00000000
0.02900000	0.05800001	0.43699974	-151.00000000	-122.00000000
0.03000000	0.06000001	0.43999973	-150.00000000	-120.00000000
0.03100000	0.06200001	0.44299972	-149.00000000	-118.00000000
0.03200000	0.06400000	0.44599971	-148.00000000	-116.00000000
0.03300000	0.06600000	0.44899970	-147.00000000	-114.00000000
0.03400000	0.06800000	0.45199969	-146.00000000	-112.00000000
0.03500000	0.06999999	0.45499969	-145.00000000	-110.00000000
0.03599999	0.07199999	0.45799968	-144.00000000	-108.00000000
0.03699999	0.07399999	0.46099967	-143.00000000	-106.00000000
0.03799999	0.07599998	0.46399966	-142.00000000	-104.00000000
0.03899999	0.07799998	0.46699965	-141.00000000	-102.00000000
0.03999999	0.07999998	0.46999964	-140.00000000	-100.00000000
0.04099999	0.08199997	0.47299963	-139.00000000	-98.00000000
0.04199998	0.08399997	0.47599962	-138.00000000	-96.00000000
0.04299998	0.08599997	0.47899961	-137.00000000	-94.00000000
0.04399998	0.08799996	0.48199961	-136.00000000	-92.00000000
0.04499998	0.08999996	0.48499960	-135.00000000	-90.00000000
0.04599998	0.09199996	0.48799959	-134.00000000	-88.00000000
0.04699998	0.09399995	0.49099958	-133.00000000	-86.00000000
0.04799997	0.09599995	0.49399957	-132.00000000	-84.00000000
0.04899997	0.09799995	0.49699956	-131.00000000	-82.00000000
0.04999997	0.09999994	0.49999955	-130.00000000	-80.00000000
0.05099997	0.10199994	0.50299954	-129.00000000	-78.00000000
0.05199997	0.10399994	0.50599957	-128.00000000	-76.00000000
0.05299997	0.10599993	0.50899959	-127.00000000	-74.00000000
0.05399996	0.10799993	0.51199961	-126.00000000	-72.00000000
0.05499996	0.10999992	0.51499963	-125.00000000	-70.00000000
0.05599996	0.11199992	0.51799965	-124.00000000	-68.00000000
0.05699996	0.11399992	0.52099967	-123.00000000	-66.00000000
0.05799996	0.11599991	0.52399969	-122.00000000	-64.00000000
0.05899996	0.11799991	0.52699971	-121.00000000	-62.00000000
0.05999995	0.11999991	0.52999973	-120.00000000	-60.00000000
0.06099995	0.12199990	0.53299975	-119.00000000	-58.00000000
0.06199995	0.12399990	0.53599977	-118.00000000	-56.00000000
0.06299995	0.12599990	0.53899980	-117.00000000	-54.00000000
0.06399995	0.12799990	0.54199982	-116.00000000	-52.00000000
0.06499995	0.12999991	0.54499984	-115.00000000	-50.00000000
0.06599995	0.13199991	0.54799986	-114.00000000	-48.00000000
0.06699996	0.13399991	0.55099988	-113.00000000	-46.00000000
0.06799996	0.13599992	0.55399990	-112.00000000	-44.00000000
0.06899996	0.13799992	0.55699992	-111.00000000	-42.00000000
0.06999996	0.13999993	0.55999994	-110.00000000	-40.00000000
0.07099997	0.14199993	0.56299996	-109.00000000	-38.00000000
0.07199997	0.14399993	0.56599998	-108.00000000	-36.00000000
0.07299997	0.14599994	0.56900001	-107.00000000	-34.00000000
0.07399997	0.14799994	0.57200003	-106.00000000	-32.00000000
0.07499997	0.14999995	0.57500005	-105.00000000	-30.00000000
0.07599998	0.15199995	0.57800007	-104.00000000	-28.00000000
0.07699998	0.15399995	0.58100009	-103.00000000	-26.00000000
0.07799998	0.15599996	0.58400011	-102.00000000	-24.00000000
0.07899998	0.15799996	0.58700013	-101.00000000	-22.00000000
0.07999998	0.15999997	0.59000015	-100.00000000	-20.00000000
0.08099999	0.16199997	0.59300017	-99.00000000	-18.00000000
0.08199999	0.16399997	0.59600019	-98.00000000	-16.00000000
0.08299999	0.16599998	0.59900022	-97.00000000	-14.00000000
0.08399999	0.16799998	0.60200024	-96.00000000	-12.00000000
0.08499999	0.16999999	0.60500026	-95.00000000	-10.00000000
0.08600000	0.17199999	0.60800028	-94.00000000	-8.00000000
0.08700000	0.17399999	0.61100030	-93.00000000	-6.00000000
0.08800000	0.17600000	0.61400032	-92.00000000	-4.00000000
0.08900000	0.17800000	0.61700034	-91.00000000	-2.00000000
0.09000000	0.18000001	0.62000036	-90.00000000	0.00000000
0.09100001	0.18200001	0.62300038	-89.00000000	2.00000000
0.09200001	0.18400002	0.62600040	-88.00000000	4.00000000
0.09300001	0.18600002	0.62900043	-87.00000000	6.00000000
0.09400001	0.18800002	0.63200045	-86.00000000	8.00000000
0.09500001	0.19000003	0.63500047	-85.00000000	10.00000000
0.09600002	0.19200003	0.63800049	-84.00000000	12.00000000
0.09700002	0.19400004	0.64100051	-83.00000000	14.00000000
0.09800002	0.19600004	0.64400053	-82.00000000	16.00000000
0.09900002	0.19800004	0.64700055	-81.00000000	18.00000000
0.10000002	0.20000005	0.65000057	-80.00000000	20.00000000
