-0.47740398	-0.29914879	-0.76515168	-0.57260750	0.02401566	0.03521633	-0.46151859	-0.42059292
-0.45672174	-0.31127362	-0.74635844	-0.57356573	0.03188443	0.02494117	-0.48883701	-0.39834536
-0.46059173	-0.31966744	-0.74571193	-0.58297743	0.03143466	0.03150261	-0.51937718	-0.43686448
-0.46614104	-0.29834514	-0.75503038	-0.59354400	0.04147875	0.02111915	-0.53543650	-0.42256718
-0.45543743	-0.29895348	-0.72211619	-0.59709093	0.02869106	0.01737354	-0.57005253	-0.42296336
-0.46602415	-0.28838684	-0.71809184	-0.60158599	0.03113890	0.01032526	-0.56165266	-0.43588380
-0.46208228	-0.29401664	-0.74087893	-0.59906955	0.03753242	0.00803661	-0.60034642	-0.45651031
-0.44866463	-0.29569060	-0.69618220	-0.62924135	0.01084523	0.01791876	-0.61879740	-0.44485935
-0.46771003	-0.29012555	-0.68696361	-0.63361869	0.01363527	0.02254136	-0.62261012	-0.47100632
-0.45318413	-0.28177562	-0.71199994	-0.63172956	0.03590902	0.00969826	-0.65896252	-0.47563601
-0.45373908	-0.29305351	-0.70266716	-0.63910835	0.02461278	-0.00420511	-0.67958899	-0.48231671
-0.44567522	-0.26041764	-0.68680592	-0.65519787	0.00920487	-0.00779702	-0.71072745	-0.49765932
-0.44050421	-0.27463494	-0.69782578	-0.66849188	0.02244115	-0.01457726	-0.71098633	-0.47852392
-0.44018089	-0.26222812	-0.66087071	-0.66711153	0.01807440	-0.02750133	-0.72889210	-0.50189374
-0.43816233	-0.25419114	-0.67104306	-0.67367436	0.03883363	-0.01461323	-0.76046142	-0.48691539
-0.43023001	-0.25539384	-0.66565653	-0.68215549	0.00631477	-0.02286975	-0.76281562	-0.50224720
-0.43769171	-0.24901382	-0.65319314	-0.66465030	0.02984082	-0.01038722	-0.81682414	-0.51133825
-0.42444344	-0.25117224	-0.66550785	-0.67934090	0.02516137	-0.04047481	-0.82949760	-0.51019918
-0.42900319	-0.25457090	-0.63897413	-0.68502670	0.01946867	-0.03719854	-0.85424885	-0.53033084
-0.41747320	-0.26528702	-0.62993443	-0.69755465	0.00170127	-0.05830135	-0.86516113	-0.53595604
-0.41072879	-0.24063553	-0.64679356	-0.71949054	0.02270157	-0.04685040	-0.90123324	-0.51829154
-0.42375215	-0.22639239	-0.63758829	-0.69433379	0.01573391	-0.05847665	-0.91506200	-0.54682873
-0.43056138	-0.22694245	-0.62933206	-0.71701651	0.01128748	-0.06455741	-0.93648635	-0.53480206
-0.40973416	-0.23561474	-0.61408384	-0.72748166	0.03568872	-0.05990795	-0.97165669	-0.52658445
-0.41110204	-0.22113023	-0.60493420	-0.71653340	0.01988208	-0.06829398	-0.99438374	-0.53271983
-0.40461379	-0.22337038	-0.61298023	-0.75521546	0.00655452	-0.06159815	-1.01158490	-0.56169232
-0.40157490	-0.21974065	-0.59580026	-0.73128337	0.01332490	-0.07487821	-1.02421567	-0.54588177
-0.40051362	-0.21880233	-0.56863918	-0.73832026	0.03564480	-0.07548460	-1.05118437	-0.54866870
-0.38601557	-0.19258199	-0.57524157	-0.75323314	0.00703241	-0.07088563	-1.06403448	-0.55482946
-0.39825322	-0.23232703	-0.56594743	-0.75537593	-0.00341819	-0.09586173	-1.08948348	-0.54710316
-0.40608906	-0.21675415	-0.57374051	-0.76198995	0.01311392	-0.08727065	-1.10455512	-0.54015068
-0.38966787	-0.19648049	-0.56496211	-0.76540119	0.02916461	-0.06899540	-1.11663235	-0.54952865
-0.40269176	-0.19633434	-0.54957148	-0.77044906	-0.00900528	-0.08587873	-1.14458458	-0.55190377
-0.39098584	-0.19822195	-0.54755012	-0.78552773	-0.00015506	-0.10418461	-1.17692410	-0.56333846
-0.37517812	-0.18657206	-0.54965185	-0.77712610	0.01142507	-0.10832532	-1.19111974	-0.55484754
-0.38679267	-0.20263199	-0.53496290	-0.77616188	-0.01231278	-0.10931062	-1.21161023	-0.54506938
-0.37457591	-0.19274297	-0.52166075	-0.76284701	0.00209238	-0.11229233	-1.21941549	-0.55063946
-0.36817334	-0.19012115	-0.51985530	-0.77400642	-0.02001872	-0.11322967	-1.24368062	-0.55821197
-0.38325809	-0.19821786	-0.51735183	-0.78521653	-0.00755984	-0.11649709	-1.27363090	-0.57802264
-0.37774934	-0.19278467	-0.50513669	-0.76693716	-0.01702600	-0.11878359	-1.28752297	-0.55807308
-0.35845098	-0.19365004	-0.50661357	-0.78308826	0.02427573	-0.12573216	-1.30491709	-0.53613251
-0.35499846	-0.18595930	-0.52128559	-0.80379347	0.01334387	-0.13338342	-1.33482142	-0.54992262
-0.37247059	-0.19127041	-0.50044732	-0.79369793	0.01326012	-0.15639503	-1.34581290	-0.55161450
-0.38003333	-0.16731256	-0.50184886	-0.79764679	-0.00899778	-0.13253939	-1.34524973	-0.56885601
-0.34755311	-0.19588750	-0.47660234	-0.79455143	-0.00156015	-0.14744230	-1.37023766	-0.54265212
-0.34799578	-0.16993464	-0.46084182	-0.80649149	-0.01209600	-0.15899239	-1.38771694	-0.54896986
-0.34889426	-0.17066702	-0.47551301	-0.79538335	-0.01965265	-0.16606975	-1.39726532	-0.54580031
-0.33538228	-0.16858676	-0.46397680	-0.78739805	-0.01774631	-0.15685506	-1.41356027	-0.53567763
-0.34259190	-0.16884848	-0.44483256	-0.80613796	-0.01117995	-0.14602033	-1.41274173	-0.54634639
-0.32661377	-0.16397731	-0.43717039	-0.79581437	-0.01137192	-0.17322051	-1.44235007	-0.53728868
-0.34543056	-0.17941790	-0.44069953	-0.77568730	-0.02275552	-0.17365984	-1.45290918	-0.53209236
-0.34777756	-0.16591658	-0.42926768	-0.79678768	-0.02292747	-0.16728204	-1.47184458	-0.54347411
-0.33742633	-0.16572398	-0.42634120	-0.79030834	-0.01824496	-0.17872433	-1.46474230	-0.54225559
-0.33282211	-0.16184896	-0.43213205	-0.79716024	-0.01519777	-0.18091822	-1.48076606	-0.53529595
-0.33652689	-0.19098835	-0.43761603	-0.80138082	-0.03834669	-0.16658358	-1.50154564	-0.52559896
-0.32732856	-0.15551712	-0.41845886	-0.79495713	-0.01826596	-0.20479424	-1.51972962	-0.53529341
-0.32029265	-0.14773691	-0.41188017	-0.79076420	-0.02580044	-0.18354704	-1.51557930	-0.52927654
-0.30149146	-0.16081638	-0.39728172	-0.80135637	-0.03778588	-0.18651875	-1.53747306	-0.50277928
-0.31771383	-0.16306519	-0.38704551	-0.80888312	-0.02577735	-0.21619186	-1.53848148	-0.50664019
-0.32865682	-0.14842303	-0.40297433	-0.79788995	-0.02444170	-0.19156610	-1.54166950	-0.50974258
-0.30437060	-0.15303964	-0.38618780	-0.79402789	-0.02208640	-0.18877237	-1.55791506	-0.51106294
-0.30544504	-0.14476166	-0.37189971	-0.78142585	-0.02292969	-0.20946221	-1.55334509	-0.51010297
-0.30307239	-0.15162159	-0.37650580	-0.79940977	-0.05567154	-0.21107207	-1.53865942	-0.50094581
-0.29047866	-0.13555286	-0.35556914	-0.80211044	-0.02523036	-0.20205410	-1.55319626	-0.48539853
-0.30867254	-0.13708655	-0.36832049	-0.78375062	-0.02836534	-0.22191432	-1.54823184	-0.48982411
-0.28643114	-0.13649361	-0.35796568	-0.76644608	-0.04175368	-0.21459721	-1.56664120	-0.49233086
-0.29403964	-0.12832200	-0.34793665	-0.78248906	-0.03893843	-0.21758629	-1.56789767	-0.47506054
-0.28683903	-0.13655648	-0.35246523	-0.77065628	-0.03670780	-0.22775631	-1.56036507	-0.48454380
-0.28380817	-0.13132173	-0.33075168	-0.76198973	-0.04586327	-0.20510261	-1.57465187	-0.47313526
-0.27646179	-0.12764881	-0.33654958	-0.77591056	-0.06467607	-0.24938793	-1.57297754	-0.46862707
-0.30356768	-0.13760918	-0.34060192	-0.76640877	-0.05180179	-0.23226379	-1.57692461	-0.47849492
-0.28084834	-0.13071434	-0.33326168	-0.75580725	-0.05414331	-0.23249446	-1.58669374	-0.46345985
-0.28042555	-0.11773606	-0.33263248	-0.73312965	-0.05114858	-0.22024372	-1.56383742	-0.46076032
-0.26932401	-0.11075981	-0.30779641	-0.74551642	-0.05604023	-0.22991881	-1.56237602	-0.45396534
-0.26460886	-0.11825576	-0.31461978	-0.74870942	-0.04852224	-0.22910569	-1.54881750	-0.45016424
-0.25892368	-0.11395940	-0.30100534	-0.73479996	-0.06099348	-0.24105526	-1.54397730	-0.45532693
-0.25821781	-0.11376654	-0.30295030	-0.74191625	-0.03738743	-0.26188229	-1.54542806	-0.43398570
-0.24928948	-0.13258090	-0.30538348	-0.74991429	-0.06043030	-0.24051432	-1.53431868	-0.44261134
-0.25595007	-0.10681299	-0.30193157	-0.72205782	-0.05771243	-0.23102695	-1.53381952	-0.43913105
-0.25416240	-0.10532707	-0.28655828	-0.73287223	-0.06592805	-0.24149572	-1.52615232	-0.41940636
-0.24430904	-0.11985752	-0.29637245	-0.72579067	-0.06380397	-0.23649093	-1.53066085	-0.44523670
-0.27180638	-0.12259488	-0.29967687	-0.69591455	-0.07000379	-0.24094049	-1.52180107	-0.42229010
-0.25498631	-0.10617877	-0.27663178	-0.71873055	-0.05550073	-0.23907983	-1.50873901	-0.43199702
-0.23048846	-0.11304137	-0.26778010	-0.72309672	-0.06189278	-0.25848499	-1.49931158	-0.40868038
-0.23662502	-0.09274565	-0.25942186	-0.70077454	-0.08869087	-0.24428567	-1.50111886	-0.41539098
-0.24503993	-0.09560809	-0.26621432	-0.70447592	-0.06983189	-0.23954543	-1.47592688	-0.42514601
-0.25143211	-0.12419278	-0.25401907	-0.69574982	-0.08233236	-0.25707175	-1.45889509	-0.40621673
-0.23605965	-0.09878105	-0.24051371	-0.67726952	-0.06151134	-0.23551457	-1.46470190	-0.41105587
-0.22608321	-0.09189742	-0.24401965	-0.67639756	-0.08440552	-0.25991618	-1.44569634	-0.39444920
-0.23808581	-0.12595633	-0.27773943	-0.66398017	-0.06804502	-0.22633648	-1.43579854	-0.40908885
-0.22330639	-0.09007031	-0.22974900	-0.65959561	-0.06648693	-0.24953970	-1.43792890	-0.40462963
-0.21785840	-0.10171322	-0.23542267	-0.66156023	-0.07366410	-0.24766396	-1.41343885	-0.38087621
-0.22851247	-0.10913011	-0.24368462	-0.65398522	-0.07796489	-0.25329666	-1.39092439	-0.39207312
-0.22528184	-0.10181444	-0.22117378	-0.66138232	-0.06690963	-0.24844306	-1.38609284	-0.39251657
-0.22347216	-0.09647405	-0.21784942	-0.62807318	-0.06130651	-0.25948596	-1.36803226	-0.35905537
-0.20161888	-0.09315584	-0.23458364	-0.63042566	-0.06691333	-0.25719690	-1.36507822	-0.38759109
-0.22305439	-0.10009741	-0.21317759	-0.62824490	-0.06472097	-0.25063771	-1.33239940	-0.37518781
-0.20739007	-0.09478462	-0.20136040	-0.62694769	-0.06946037	-0.25706332	-1.34160340	-0.37394520
-0.21918284	-0.07500824	-0.22010244	-0.61715134	-0.06717088	-0.24813018	-1.31578885	-0.37441351
-0.22232631	-0.09320226	-0.20604094	-0.59452738	-0.07240451	-0.25094589	-1.31689133	-0.35380817
