-0.46523263	-0.31833303	-0.74718237	-0.56974516	0.03016773	0.03458708	-0.47457816	-0.39226880
-0.46376321	-0.31411384	-0.74217529	-0.57705156	0.02973645	0.03100779	-0.49365349	-0.40286952
-0.46222605	-0.30994762	-0.73706226	-0.58431777	0.02928885	0.02737593	-0.51300281	-0.41307260
-0.46062268	-0.30583409	-0.73184753	-0.59153932	0.02882462	0.02369276	-0.53261723	-0.42287959
-0.45895464	-0.30177292	-0.72653535	-0.59871171	0.02834347	0.01995963	-0.55248714	-0.43229254
-0.45722348	-0.29776380	-0.72112993	-0.60583038	0.02784508	0.01617793	-0.57260226	-0.44131395
-0.45543079	-0.29380636	-0.71563552	-0.61289072	0.02732914	0.01234915	-0.59295163	-0.44994679
-0.45357816	-0.28990024	-0.71005630	-0.61988810	0.02679536	0.00847484	-0.61352361	-0.45819445
-0.45166720	-0.28604506	-0.70439645	-0.62681785	0.02624344	0.00455660	-0.63430587	-0.46606073
-0.44969954	-0.28224043	-0.69866012	-0.63367529	0.02567307	0.00059612	-0.65528539	-0.47354978
-0.44767679	-0.27848595	-0.69285144	-0.64045571	0.02508397	-0.00340483	-0.67644848	-0.48066612
-0.44560062	-0.27478119	-0.68697448	-0.64715438	0.02447584	-0.00744444	-0.69778076	-0.48741462
-0.44347265	-0.27112574	-0.68103329	-0.65376658	0.02384840	-0.01152082	-0.71926718	-0.49380041
-0.44129454	-0.26751914	-0.67503187	-0.66028758	0.02320136	-0.01563202	-0.74089207	-0.49982896
-0.43906795	-0.26396097	-0.66897417	-0.66671266	0.02253445	-0.01977603	-0.76263909	-0.50550595
-0.43679453	-0.26045076	-0.66286411	-0.67303709	0.02184741	-0.02395076	-0.78449124	-0.51083734
-0.43447592	-0.25698805	-0.65670553	-0.67925619	0.02113998	-0.02815408	-0.80643102	-0.51582930
-0.43211377	-0.25357238	-0.65050221	-0.68536529	0.02041189	-0.03238381	-0.82844023	-0.52048818
-0.42970973	-0.25020328	-0.64425791	-0.69135976	0.01966291	-0.03663769	-0.85050017	-0.52482052
-0.42726543	-0.24688025	-0.63797630	-0.69723499	0.01889281	-0.04091341	-0.87259157	-0.52883302
-0.42478251	-0.24360283	-0.63166098	-0.70298643	0.01810135	-0.04520864	-0.89469466	-0.53253252
-0.42226257	-0.24037053	-0.62531550	-0.70860959	0.01728834	-0.04952095	-0.91678920	-0.53592597
-0.41970722	-0.23718286	-0.61894334	-0.71410001	0.01645358	-0.05384791	-0.93885451	-0.53902044
-0.41711807	-0.23403931	-0.61254791	-0.71945332	0.01559687	-0.05818703	-0.96086946	-0.54182306
-0.41449669	-0.23093941	-0.60613255	-0.72466522	0.01471806	-0.06253577	-0.98281260	-0.54434104
-0.41184465	-0.22788265	-0.59970051	-0.72973149	0.01381698	-0.06689157	-1.00466211	-0.54658167
-0.40916349	-0.22486853	-0.59325499	-0.73464799	0.01289351	-0.07125183	-1.02639590	-0.54855223
-0.40645475	-0.22189655	-0.58679911	-0.73941067	0.01194753	-0.07561391	-1.04799163	-0.55026006
-0.40371994	-0.21896623	-0.58033589	-0.74401560	0.01097894	-0.07997515	-1.06942674	-0.55171251
-0.40096056	-0.21607704	-0.57386830	-0.74845894	0.00998767	-0.08433288	-1.09067857	-0.55291690
-0.39817809	-0.21322850	-0.56739922	-0.75273696	0.00897367	-0.08868438	-1.11172429	-0.55388056
-0.39537397	-0.21042012	-0.56093147	-0.75684606	0.00793691	-0.09302693	-1.13254105	-0.55461080
-0.39254963	-0.20765138	-0.55446776	-0.76078277	0.00687739	-0.09735781	-1.15310602	-0.55511486
-0.38970650	-0.20492180	-0.54801074	-0.76454374	0.00579514	-0.10167427	-1.17339643	-0.55539998
-0.38684593	-0.20223087	-0.54156297	-0.76812576	0.00469020	-0.10597356	-1.19338959	-0.55547330
-0.38396931	-0.19957810	-0.53512694	-0.77152577	0.00356268	-0.11025294	-1.21306299	-0.55534192
-0.38107797	-0.19696301	-0.52870506	-0.77474086	0.00241269	-0.11450966	-1.23239433	-0.55501287
-0.37817321	-0.19438510	-0.52229966	-0.77776827	0.00124038	-0.11874098	-1.25136160	-0.55449309
-0.37525632	-0.19184388	-0.51591298	-0.78060538	0.00004594	-0.12294417	-1.26994310	-0.55378943
-0.37232856	-0.18933888	-0.50954720	-0.78324978	-0.00117040	-0.12711652	-1.28811753	-0.55290867
-0.36939116	-0.18686961	-0.50320441	-0.78569918	-0.00240837	-0.13125534	-1.30586402	-0.55185745
-0.36644534	-0.18443559	-0.49688663	-0.78795149	-0.00366766	-0.13535794	-1.32316220	-0.55064234
-0.36349227	-0.18203635	-0.49059579	-0.79000478	-0.00494791	-0.13942168	-1.33999225	-0.54926980
-0.36053309	-0.17967141	-0.48433377	-0.79185733	-0.00624872	-0.14344394	-1.35633494	-0.54774616
-0.35756894	-0.17734032	-0.47810234	-0.79350755	-0.00756964	-0.14742215	-1.37217169	-0.54607765
-0.35460092	-0.17504260	-0.47190322	-0.79495409	-0.00891016	-0.15135376	-1.38748461	-0.54427036
-0.35163009	-0.17277779	-0.46573805	-0.79619576	-0.01026974	-0.15523627	-1.40225657	-0.54233027
-0.34865749	-0.17054545	-0.45960841	-0.79723156	-0.01164775	-0.15906721	-1.41647122	-0.54026325
-0.34568414	-0.16834511	-0.45351578	-0.79806069	-0.01304354	-0.16284419	-1.43011304	-0.53807501
-0.34271102	-0.16617633	-0.44746159	-0.79868254	-0.01445637	-0.16656485	-1.44316736	-0.53577115
-0.33973910	-0.16403866	-0.44144721	-0.79909669	-0.01588544	-0.17022689	-1.45562044	-0.53335714
-0.33676930	-0.16193167	-0.43547392	-0.79930292	-0.01732991	-0.17382807	-1.46745948	-0.53083832
-0.33380253	-0.15985492	-0.42954294	-0.79930121	-0.01878885	-0.17736621	-1.47867262	-0.52821989
-0.33083966	-0.15780797	-0.42365544	-0.79909172	-0.02026125	-0.18083921	-1.48924904	-0.52550693
-0.32788155	-0.15579041	-0.41781251	-0.79867482	-0.02174606	-0.18424502	-1.49917890	-0.52270437
-0.32492902	-0.15380181	-0.41201518	-0.79805107	-0.02324213	-0.18758167	-1.50845343	-0.51981703
-0.32198286	-0.15184176	-0.40626442	-0.79722122	-0.02474824	-0.19084726	-1.51706491	-0.51684957
-0.31904384	-0.14990983	-0.40056115	-0.79618621	-0.02626308	-0.19403999	-1.52500669	-0.51380655
-0.31611271	-0.14800563	-0.39490622	-0.79494716	-0.02778528	-0.19715809	-1.53227322	-0.51069237
-0.31319018	-0.14612875	-0.38930042	-0.79350541	-0.02931337	-0.20019993	-1.53886003	-0.50751133
-0.31027694	-0.14427879	-0.38374449	-0.79186244	-0.03084579	-0.20316391	-1.54476373	-0.50426757
-0.30737367	-0.14245536	-0.37823913	-0.79001994	-0.03238090	-0.20604854	-1.54998205	-0.50096513
-0.30448100	-0.14065806	-0.37278496	-0.78797977	-0.03391696	-0.20885243	-1.55451379	-0.49760791
-0.30159955	-0.13888651	-0.36738255	-0.78574395	-0.03545215	-0.21157426	-1.55835886	-0.49419968
-0.29872990	-0.13714034	-0.36203246	-0.78331470	-0.03698453	-0.21421280	-1.56151820	-0.49074410
-0.29587264	-0.13541917	-0.35673516	-0.78069439	-0.03851209	-0.21676690	-1.56399383	-0.48724472
-0.29302831	-0.13372262	-0.35149110	-0.77788554	-0.04003269	-0.21923552	-1.56578881	-0.48370495
-0.29019743	-0.13205035	-0.34630066	-0.77489085	-0.04154411	-0.22161771	-1.56690722	-0.48012809
-0.28738051	-0.13040197	-0.34116420	-0.77171315	-0.04304403	-0.22391260	-1.56735413	-0.47651733
-0.28457802	-0.12877714	-0.33608203	-0.76835543	-0.04453001	-0.22611942	-1.56713560	-0.47287574
-0.28179041	-0.12717551	-0.33105440	-0.76482081	-0.04599951	-0.22823750	-1.56625861	-0.46920629
-0.27901813	-0.12559673	-0.32608155	-0.76111256	-0.04744989	-0.23026624	-1.56473106	-0.46551184
-0.27626159	-0.12404045	-0.32116366	-0.75723407	-0.04887840	-0.23220517	-1.56256173	-0.46179513
-0.27352118	-0.12250634	-0.31630087	-0.75318885	-0.05028216	-0.23405388	-1.55976025	-0.45805881
-0.27079727	-0.12099407	-0.31149331	-0.74898053	-0.05165823	-0.23581207	-1.55633703	-0.45430543
-0.26809023	-0.11950332	-0.30674106	-0.74461285	-0.05300351	-0.23747951	-1.55230327	-0.45053743
-0.26540038	-0.11803374	-0.30204415	-0.74008966	-0.05431482	-0.23905609	-1.54767089	-0.44675717
-0.26272805	-0.11658503	-0.29740260	-0.73541490	-0.05558886	-0.24054176	-1.54245249	-0.44296689
-0.26007353	-0.11515688	-0.29281640	-0.73059260	-0.05682225	-0.24193657	-1.53666131	-0.43916878
-0.25743710	-0.11374896	-0.28828550	-0.72562688	-0.05801145	-0.24324067	-1.53031120	-0.43536489
-0.25481904	-0.11236098	-0.28380983	-0.72052194	-0.05915288	-0.24445428	-1.52341654	-0.43155723
-0.25221957	-0.11099263	-0.27938929	-0.71528204	-0.06024281	-0.24557770	-1.51599224	-0.42774769
-0.24963894	-0.10964362	-0.27502374	-0.70991151	-0.06127742	-0.24661131	-1.50805368	-0.42393810
-0.24707737	-0.10831365	-0.27071304	-0.70441474	-0.06225281	-0.24755560	-1.49961662	-0.42013020
-0.24453504	-0.10700244	-0.26645701	-0.69879617	-0.06316497	-0.24841109	-1.49069724	-0.41632565
-0.24201215	-0.10570970	-0.26225545	-0.69306027	-0.06400980	-0.24917842	-1.48131201	-0.41252605
-0.23950886	-0.10443515	-0.25810815	-0.68721157	-0.06478312	-0.24985828	-1.47147772	-0.40873291
-0.23702533	-0.10317851	-0.25401487	-0.68125462	-0.06548066	-0.25045143	-1.46121137	-0.40494767
-0.23456170	-0.10193951	-0.24997533	-0.67519398	-0.06609808	-0.25095870	-1.45053018	-0.40117171
-0.23211810	-0.10071789	-0.24598928	-0.66903425	-0.06663097	-0.25138100	-1.43945151	-0.39740634
-0.22969465	-0.09951338	-0.24205641	-0.66278003	-0.06707485	-0.25171930	-1.42799285	-0.39365281
-0.22729145	-0.09832572	-0.23817640	-0.65643592	-0.06742518	-0.25197461	-1.41617175	-0.38991230
-0.22490858	-0.09715465	-0.23434894	-0.65000653	-0.06767737	-0.25214803	-1.40400580	-0.38618593
-0.22254614	-0.09599993	-0.23057368	-0.64349646	-0.06782679	-0.25224069	-1.39151259	-0.38247477
-0.22020418	-0.09486129	-0.22685026	-0.63691029	-0.06786877	-0.25225378	-1.37870968	-0.37877982
-0.21788276	-0.09373851	-0.22317831	-0.63025259	-0.06779861	-0.25218856	-1.36561455	-0.37510204
-0.21558194	-0.09263133	-0.21955745	-0.62352790	-0.06761160	-0.25204631	-1.35224458	-0.37144233
-0.21330174	-0.09153952	-0.21598729	-0.61674074	-0.06730302	-0.25182837	-1.33861701	-0.36780154
-0.21104220	-0.09046285	-0.21246742	-0.60989559	-0.06686815	-0.25153612	-1.32474891	-0.36418048
-0.20880332	-0.08940108	-0.20899743	-0.60299688	-0.06630230	-0.25117098	-1.31065717	-0.36057989
