0.03872783	0.03710680	0.01456467	-0.01184497	-0.01007402	-0.03188251	-0.04200791	-0.04045375
0.03748682	0.03665769	0.01520472	-0.01081564	-0.00925279	-0.03067960	-0.04084851	-0.03940357
0.03623511	0.03615938	0.01579392	-0.00978857	-0.00844287	-0.02946176	-0.03965059	-0.03831454
0.03497485	0.03561390	0.01633161	-0.00876749	-0.00764598	-0.02823277	-0.03841881	-0.03719088
0.03370817	0.03502340	0.01681738	-0.00775591	-0.00686364	-0.02699622	-0.03715768	-0.03603673
0.03243717	0.03439010	0.01725105	-0.00675716	-0.00609729	-0.02575548	-0.03587152	-0.03485609
0.03116390	0.03371631	0.01763265	-0.00577432	-0.00534820	-0.02451379	-0.03456452	-0.03365288
0.02989039	0.03300439	0.01796243	-0.00481027	-0.00461753	-0.02327415	-0.03324070	-0.03243086
0.02861860	0.03225675	0.01824081	-0.00386766	-0.00390633	-0.02203943	-0.03190391	-0.03119367
0.02735047	0.03147584	0.01846843	-0.00294895	-0.00321552	-0.02081230	-0.03055783	-0.02994482
0.02608786	0.03066414	0.01864606	-0.00205635	-0.00254592	-0.01959526	-0.02920598	-0.02868767
0.02483258	0.02982411	0.01877464	-0.00119188	-0.00189826	-0.01839067	-0.02785170	-0.02742546
0.02358637	0.02895827	0.01885525	-0.00035733	-0.00127314	-0.01720071	-0.02649817	-0.02616125
0.02235091	0.02806908	0.01888909	0.00044570	-0.00067110	-0.01602742	-0.02514841	-0.02489798
0.02112782	0.02715901	0.01887748	0.00121580	-0.00009259	-0.01487267	-0.02380528	-0.02363844
0.01991863	0.02623052	0.01882187	0.00195177	0.00046205	-0.01373820	-0.02247146	-0.02238527
0.01872480	0.02528601	0.01872376	0.00265259	0.00099253	-0.01262561	-0.02114949	-0.02114096
0.01754774	0.02432786	0.01858476	0.00331743	0.00149865	-0.01153636	-0.01984173	-0.01990786
0.01638876	0.02335840	0.01840655	0.00394562	0.00198027	-0.01047179	-0.01855042	-0.01868818
0.01524910	0.02237992	0.01819086	0.00453667	0.00243733	-0.00943309	-0.01727762	-0.01748398
0.01412992	0.02139464	0.01793948	0.00509022	0.00286982	-0.00842136	-0.01602525	-0.01629719
0.01303232	0.02040474	0.01765424	0.00560609	0.00327780	-0.00743755	-0.01479510	-0.01512959
0.01195731	0.01941232	0.01733700	0.00608424	0.00366136	-0.00648253	-0.01358880	-0.01398283
0.01090583	0.01841942	0.01698965	0.00652474	0.00402069	-0.00555703	-0.01240786	-0.01285844
0.00987872	0.01742801	0.01661408	0.00692781	0.00435598	-0.00466171	-0.01125364	-0.01175780
0.00887679	0.01643998	0.01621222	0.00729379	0.00466749	-0.00379709	-0.01012740	-0.01068219
0.00790073	0.01545716	0.01578598	0.00762310	0.00495552	-0.00296364	-0.00903024	-0.00963275
0.00695119	0.01448129	0.01533727	0.00791630	0.00522041	-0.00216171	-0.00796317	-0.00861050
0.00602873	0.01351403	0.01486798	0.00817402	0.00546253	-0.00139157	-0.00692706	-0.00761635
0.00513385	0.01255697	0.01437999	0.00839698	0.00568230	-0.00065341	-0.00592269	-0.00665112
0.00426697	0.01161162	0.01387518	0.00858600	0.00588016	0.00005267	-0.00495072	-0.00571548
0.00342846	0.01067939	0.01335537	0.00874194	0.00605657	0.00072662	-0.00401171	-0.00481005
0.00261860	0.00976163	0.01282236	0.00886575	0.00621204	0.00136848	-0.00310611	-0.00393531
0.00183762	0.00885960	0.01227793	0.00895843	0.00634708	0.00197837	-0.00223429	-0.00309166
0.00108570	0.00797447	0.01172379	0.00902104	0.00646223	0.00255644	-0.00139652	-0.00227941
0.00036294	0.00710735	0.01116164	0.00905466	0.00655807	0.00310292	-0.00059299	-0.00149879
-0.00033061	0.00625924	0.01059311	0.00906044	0.00663517	0.00361809	0.00017620	-0.00074993
-0.00099495	0.00543110	0.01001980	0.00903954	0.00669413	0.00410230	0.00091102	-0.00003290
-0.00163014	0.00462377	0.00944325	0.00899317	0.00673556	0.00455593	0.00161154	0.00065232
-0.00223628	0.00383804	0.00886493	0.00892254	0.00676008	0.00497941	0.00227787	0.00130580
-0.00281355	0.00307463	0.00828630	0.00882890	0.00676833	0.00537322	0.00291020	0.00192770
-0.00336214	0.00233415	0.00770872	0.00871349	0.00676094	0.00573788	0.00350878	0.00251823
-0.00388229	0.00161717	0.00713352	0.00857757	0.00673857	0.00607394	0.00407393	0.00307766
-0.00437431	0.00092418	0.00656195	0.00842240	0.00670187	0.00638200	0.00460603	0.00360631
-0.00483852	0.00025561	0.00599523	0.00824925	0.00665148	0.00666267	0.00510548	0.00410456
-0.00527530	-0.00038820	0.00543448	0.00805936	0.00658809	0.00691660	0.00557276	0.00457285
-0.00568503	-0.00100696	0.00488081	0.00785400	0.00651233	0.00714448	0.00600839	0.00501163
-0.00606817	-0.00160043	0.00433521	0.00763438	0.00642488	0.00734699	0.00641294	0.00542142
-0.00642517	-0.00216846	0.00379867	0.00740175	0.00632638	0.00752487	0.00678698	0.00580277
-0.00675653	-0.00271093	0.00327209	0.00715730	0.00621750	0.00767885	0.00713117	0.00615626
-0.00706279	-0.00322780	0.00275629	0.00690221	0.00609889	0.00780970	0.00744617	0.00648252
-0.00734447	-0.00371907	0.00225208	0.00663765	0.00597118	0.00791817	0.00773268	0.00678218
-0.00760215	-0.00418479	0.00176016	0.00636476	0.00583502	0.00800505	0.00799141	0.00705591
-0.00783642	-0.00462507	0.00128122	0.00608464	0.00569104	0.00807114	0.00822313	0.00730441
-0.00804789	-0.00504006	0.00081586	0.00579839	0.00553986	0.00811725	0.00842859	0.00752839
-0.00823718	-0.00542996	0.00036463	0.00550703	0.00538209	0.00814416	0.00860860	0.00772858
-0.00840493	-0.00579499	-0.00007196	0.00521161	0.00521835	0.00815270	0.00876395	0.00790573
-0.00855178	-0.00613545	-0.00049347	0.00491310	0.00504922	0.00814368	0.00889546	0.00806059
-0.00867841	-0.00645165	-0.00089951	0.00461245	0.00487528	0.00811792	0.00900397	0.00819394
-0.00878547	-0.00674394	-0.00128974	0.00431058	0.00469711	0.00807622	0.00909032	0.00830654
-0.00887364	-0.00701271	-0.00166386	0.00400837	0.00451526	0.00801939	0.00915534	0.00839919
-0.00894362	-0.00725837	-0.00202163	0.00370666	0.00433027	0.00794825	0.00919991	0.00847266
-0.00899607	-0.00748137	-0.00236285	0.00340626	0.00414267	0.00786358	0.00922486	0.00852774
-0.00903169	-0.00768218	-0.00268737	0.00310793	0.00395298	0.00776619	0.00923105	0.00856523
-0.00905118	-0.00786130	-0.00299509	0.00281240	0.00376169	0.00765686	0.00921935	0.00858590
-0.00905521	-0.00801924	-0.00328593	0.00252037	0.00356930	0.00753637	0.00919059	0.00859053
-0.00904447	-0.00815656	-0.00355987	0.00223248	0.00337626	0.00740547	0.00914564	0.00857991
-0.00901966	-0.00827380	-0.00381692	0.00194934	0.00318303	0.00726492	0.00908533	0.00855480
-0.00898144	-0.00837155	-0.00405714	0.00167154	0.00299005	0.00711546	0.00901050	0.00851596
-0.00893050	-0.00845038	-0.00428061	0.00139960	0.00279774	0.00695782	0.00892198	0.00846415
-0.00886749	-0.00851091	-0.00448745	0.00113404	0.00260649	0.00679270	0.00882057	0.00840011
-0.00879308	-0.00855375	-0.00467780	0.00087530	0.00241669	0.00662081	0.00870709	0.00832457
-0.00870792	-0.00857952	-0.00485186	0.00062382	0.00222871	0.00644282	0.00858232	0.00823824
-0.00861265	-0.00858886	-0.00500983	0.00037998	0.00204291	0.00625940	0.00844706	0.00814184
-0.00850790	-0.00858240	-0.00515196	0.00014414	0.00185961	0.00607118	0.00830205	0.00803604
-0.00839429	-0.00856077	-0.00527849	-0.00008339	0.00167912	0.00587881	0.00814805	0.00792152
-0.00827243	-0.00852464	-0.00538973	-0.00030232	0.00150176	0.00568287	0.00798579	0.00779894
-0.00814290	-0.00847463	-0.00548597	-0.00051241	0.00132779	0.00548397	0.00781598	0.00766894
-0.00800630	-0.00841140	-0.00556755	-0.00071343	0.00115749	0.00528268	0.00763933	0.00753215
-0.00786319	-0.00833560	-0.00563482	-0.00090520	0.00099109	0.00507953	0.00745650	0.00738916
-0.00771411	-0.00824786	-0.00568813	-0.00108757	0.00082883	0.00487506	0.00726817	0.00724056
-0.00755962	-0.00814883	-0.00572788	-0.00126042	0.00067092	0.00466978	0.00707496	0.00708692
-0.00740022	-0.00803913	-0.00575446	-0.00142364	0.00051755	0.00446417	0.00687749	0.00692880
-0.00723643	-0.00791940	-0.00576828	-0.00157717	0.00036890	0.00425871	0.00667637	0.00676671
-0.00706874	-0.00779026	-0.00576975	-0.00172097	0.00022513	0.00405383	0.00647216	0.00660117
-0.00689762	-0.00765231	-0.00575931	-0.00185503	0.00008639	0.00384996	0.00626544	0.00643266
-0.00672353	-0.00750617	-0.00573740	-0.00197935	-0.00004719	0.00364750	0.00605672	0.00626167
-0.00654690	-0.00735243	-0.00570445	-0.00209398	-0.00017550	0.00344683	0.00584652	0.00608862
-0.00636816	-0.00719167	-0.00566094	-0.00219897	-0.00029844	0.00324832	0.00563534	0.00591396
-0.00618772	-0.00702447	-0.00560731	-0.00229440	-0.00041593	0.00305230	0.00542363	0.00573809
-0.00600597	-0.00685138	-0.00554402	-0.00238037	-0.00052790	0.00285910	0.00521186	0.00556141
-0.00582327	-0.00667296	-0.00547154	-0.00245699	-0.00063430	0.00266900	0.00500043	0.00538427
-0.00563999	-0.00648974	-0.00539034	-0.00252442	-0.00073508	0.00248229	0.00478976	0.00520704
-0.00545646	-0.00630224	-0.00530087	-0.00258280	-0.00083023	0.00229923	0.00458023	0.00503003
-0.00527300	-0.00611097	-0.00520361	-0.00263230	-0.00091972	0.00212004	0.00437220	0.00485357
-0.00508991	-0.00591641	-0.00509903	-0.00267311	-0.00100356	0.00194496	0.00416600	0.00467795
-0.00490749	-0.00571906	-0.00498757	-0.00270544	-0.00108176	0.00177417	0.00396196	0.00450343
-0.00472600	-0.00551937	-0.00486970	-0.00272950	-0.00115435	0.00160785	0.00376036	0.00433028
-0.00454570	-0.00531779	-0.00474588	-0.00274552	-0.00122136	0.00144617	0.00356149	0.00415872
-0.00436683	-0.00511475	-0.00461655	-0.00275372	-0.00128284	0.00128927	0.00336560	0.00398899
