-0.46515121	-0.31822769	-0.74721060	-0.56968206	0.03019320	0.03450164	-0.47451359	-0.39242993
-0.46370252	-0.31416145	-0.74217771	-0.57708237	0.02975580	0.03103996	-0.49365967	-0.40285136
-0.46219158	-0.30982326	-0.73703511	-0.58421085	0.02917343	0.02733450	-0.51293636	-0.41291187
-0.46069657	-0.30572272	-0.73190476	-0.59163534	0.02887084	0.02364845	-0.53260028	-0.42276189
-0.45881056	-0.30175566	-0.72662717	-0.59884510	0.02818782	0.02010813	-0.55258175	-0.43220789
-0.45725276	-0.29774156	-0.72120370	-0.60589786	0.02797799	0.01614080	-0.57248434	-0.44132072
-0.45546237	-0.29403220	-0.71548803	-0.61279040	0.02721227	0.01251666	-0.59279709	-0.44991158
-0.45354180	-0.28995032	-0.71026871	-0.61982696	0.02688419	0.00819711	-0.61337284	-0.45820320
-0.45179779	-0.28617853	-0.70432596	-0.62674613	0.02632029	0.00472380	-0.63430175	-0.46602061
-0.44948279	-0.28228879	-0.69847977	-0.63380204	0.02551074	0.00066846	-0.65536511	-0.47346245
-0.44768777	-0.27851700	-0.69287781	-0.64014620	0.02518112	-0.00348102	-0.67630889	-0.48053327
-0.44557976	-0.27485104	-0.68715520	-0.64724747	0.02447042	-0.00733282	-0.69760846	-0.48736767
-0.44364447	-0.27122225	-0.68089829	-0.65386380	0.02391742	-0.01172408	-0.71923847	-0.49385776
-0.44126325	-0.26752900	-0.67505724	-0.66041910	0.02331137	-0.01556830	-0.74075351	-0.49986851
-0.43896972	-0.26406773	-0.66916523	-0.66674358	0.02245983	-0.01980560	-0.76262519	-0.50551984
-0.43655039	-0.26048300	-0.66295042	-0.67301478	0.02173887	-0.02385552	-0.78442905	-0.51094774
-0.43439357	-0.25709518	-0.65666557	-0.67934003	0.02123129	-0.02830922	-0.80646309	-0.51589034
-0.43217050	-0.25370454	-0.65059671	-0.68525848	0.02054638	-0.03241556	-0.82844821	-0.52052903
-0.42956585	-0.25032349	-0.64438799	-0.69161915	0.01962659	-0.03645013	-0.85046401	-0.52489634
-0.42720187	-0.24697351	-0.63791665	-0.69741854	0.01877746	-0.04088999	-0.87244648	-0.52887750
-0.42470401	-0.24370740	-0.63162775	-0.70299692	0.01820019	-0.04509951	-0.89485252	-0.53262531
-0.42221291	-0.24030595	-0.62527327	-0.70886057	0.01724139	-0.04957494	-0.91683640	-0.53592038
-0.41959140	-0.23722735	-0.61885946	-0.71417561	0.01640394	-0.05384918	-0.93909416	-0.53911546
-0.41701275	-0.23410333	-0.61263183	-0.71934675	0.01537906	-0.05795454	-0.96094273	-0.54189275
-0.41462453	-0.23079024	-0.60607323	-0.72462345	0.01471390	-0.06252201	-0.98285460	-0.54428492
-0.41177780	-0.22798534	-0.59972381	-0.72977847	0.01386301	-0.06697061	-1.00463654	-0.54655918
-0.40916955	-0.22489060	-0.59327529	-0.73454554	0.01284024	-0.07170225	-1.02651055	-0.54846092
-0.40626846	-0.22188016	-0.58688780	-0.73939790	0.01180273	-0.07560208	-1.04789831	-0.55039522
-0.40371529	-0.21903522	-0.58055361	-0.74405967	0.01084797	-0.08001699	-1.06940231	-0.55168929
-0.40099412	-0.21603154	-0.57393188	-0.74833684	0.00993647	-0.08431646	-1.09051062	-0.55286713
-0.39833653	-0.21299806	-0.56754162	-0.75276685	0.00903793	-0.08866925	-1.11176175	-0.55376409
-0.39543295	-0.21017939	-0.56095508	-0.75669152	0.00791937	-0.09315634	-1.13254683	-0.55472370
-0.39247823	-0.20775386	-0.55458354	-0.76075003	0.00700270	-0.09746027	-1.15301768	-0.55522900
-0.38973103	-0.20488540	-0.54804616	-0.76451835	0.00570214	-0.10164358	-1.17339737	-0.55537481
-0.38680039	-0.20222762	-0.54157784	-0.76826944	0.00455542	-0.10586732	-1.19334217	-0.55536516
-0.38391151	-0.19946863	-0.53502796	-0.77136248	0.00353162	-0.11025421	-1.21316503	-0.55526802
-0.38098426	-0.19688732	-0.52848885	-0.77487532	0.00249455	-0.11461037	-1.23253576	-0.55502038
-0.37810174	-0.19433155	-0.52238277	-0.77782520	0.00118315	-0.11865592	-1.25137161	-0.55448120
-0.37552144	-0.19185597	-0.51597188	-0.78078925	-0.00000764	-0.12311095	-1.26990020	-0.55385712
-0.37247423	-0.18922823	-0.50975548	-0.78337001	-0.00112938	-0.12709114	-1.28809171	-0.55286953
-0.36959947	-0.18707732	-0.50309188	-0.78569424	-0.00236870	-0.13134564	-1.30573995	-0.55185337
-0.36665827	-0.18436761	-0.49683830	-0.78785132	-0.00352598	-0.13557181	-1.32305213	-0.55059971
-0.36369003	-0.18223364	-0.49084494	-0.79004803	-0.00486630	-0.13934105	-1.34011410	-0.54937756
-0.36048616	-0.17968976	-0.48445361	-0.79183397	-0.00619552	-0.14360713	-1.35633758	-0.54775575
-0.35777934	-0.17740849	-0.47798762	-0.79349522	-0.00754526	-0.14738719	-1.37208328	-0.54597226
-0.35430948	-0.17515936	-0.47181514	-0.79493856	-0.00874782	-0.15160775	-1.38744385	-0.54429694
-0.35166672	-0.17268960	-0.46571393	-0.79624006	-0.01012701	-0.15526123	-1.40222741	-0.54241098
-0.34860957	-0.17062679	-0.45959263	-0.79707904	-0.01163050	-0.15921544	-1.41656391	-0.54016900
-0.34571567	-0.16824459	-0.45365599	-0.79809393	-0.01307643	-0.16293389	-1.43013569	-0.53811353
-0.34277295	-0.16609218	-0.44736852	-0.79864505	-0.01436114	-0.16641706	-1.44299023	-0.53571844
-0.33966007	-0.16392721	-0.44144756	-0.79893334	-0.01591296	-0.17031818	-1.45560126	-0.53362840
-0.33676140	-0.16213221	-0.43555525	-0.79938334	-0.01719338	-0.17373601	-1.46734343	-0.53076320
-0.33379549	-0.15984106	-0.42954977	-0.79933106	-0.01887232	-0.17735051	-1.47856731	-0.52815590
-0.33084442	-0.15775240	-0.42354528	-0.79906081	-0.02014173	-0.18072861	-1.48931241	-0.52555931
-0.32792550	-0.15578315	-0.41789443	-0.79867905	-0.02181259	-0.18435240	-1.49913825	-0.52255722
-0.32500974	-0.15367719	-0.41208531	-0.79816175	-0.02315639	-0.18760033	-1.50856084	-0.51972029
-0.32196354	-0.15185053	-0.40634016	-0.79710184	-0.02458012	-0.19084296	-1.51692009	-0.51676868
-0.31912771	-0.14988726	-0.40068927	-0.79615762	-0.02611932	-0.19412439	-1.52499753	-0.51390356
-0.31601095	-0.14798530	-0.39495874	-0.79504516	-0.02771215	-0.19717199	-1.53236134	-0.51090582
-0.31309571	-0.14624975	-0.38945658	-0.79356317	-0.02920495	-0.20012870	-1.53897940	-0.50740427
-0.31025154	-0.14425382	-0.38388342	-0.79177151	-0.03089681	-0.20322932	-1.54473809	-0.50426890
-0.30733761	-0.14250938	-0.37799115	-0.78985615	-0.03234787	-0.20604369	-1.54979180	-0.50103246
-0.30452880	-0.14062402	-0.37273586	-0.78798942	-0.03382547	-0.20875802	-1.55434613	-0.49772698
-0.30165719	-0.13882741	-0.36721833	-0.78555129	-0.03534608	-0.21140564	-1.55833289	-0.49410299
-0.29886912	-0.13717384	-0.36198073	-0.78321866	-0.03700450	-0.21431757	-1.56141903	-0.49056887
-0.29588299	-0.13551911	-0.35671349	-0.78079692	-0.03845075	-0.21674618	-1.56391231	-0.48714113
-0.29300535	-0.13377437	-0.35153445	-0.77785023	-0.03997494	-0.21916864	-1.56593676	-0.48365452
-0.29034007	-0.13205763	-0.34641514	-0.77497867	-0.04153672	-0.22166347	-1.56704274	-0.48009743
-0.28738382	-0.13038418	-0.34114312	-0.77171710	-0.04301698	-0.22407403	-1.56742794	-0.47633677
-0.28465416	-0.12886925	-0.33609062	-0.76835989	-0.04440565	-0.22619683	-1.56700228	-0.47287023
-0.28168202	-0.12725734	-0.33091361	-0.76510395	-0.04601758	-0.22813563	-1.56627958	-0.46926248
-0.27889684	-0.12572112	-0.32608966	-0.76114078	-0.04743067	-0.23027600	-1.56472567	-0.46537426
-0.27621910	-0.12402305	-0.32105324	-0.75725060	-0.04877972	-0.23219952	-1.56243521	-0.46179526
-0.27351133	-0.12264414	-0.31634650	-0.75316570	-0.05027382	-0.23405248	-1.55974486	-0.45793677
-0.27071545	-0.12111092	-0.31132604	-0.74898961	-0.05156567	-0.23589830	-1.55633631	-0.45441174
-0.26819223	-0.11956852	-0.30673566	-0.74457986	-0.05321222	-0.23744471	-1.55225711	-0.45044159
-0.26540477	-0.11796931	-0.30212169	-0.73997313	-0.05426931	-0.23891042	-1.54760567	-0.44669769
-0.26274984	-0.11643798	-0.29735489	-0.73531550	-0.05551274	-0.24055030	-1.54237886	-0.44289768
-0.26015408	-0.11513541	-0.29278745	-0.73047187	-0.05689548	-0.24200774	-1.53671547	-0.43910884
-0.25727594	-0.11367354	-0.28838386	-0.72559787	-0.05809655	-0.24332631	-1.53012989	-0.43531878
-0.25470386	-0.11243694	-0.28378618	-0.72059036	-0.05900162	-0.24452652	-1.52342279	-0.43155629
-0.25212596	-0.11101391	-0.27942574	-0.71528858	-0.06032821	-0.24570713	-1.51620848	-0.42786877
-0.24963494	-0.10961231	-0.27507204	-0.70985003	-0.06130759	-0.24650306	-1.50784914	-0.42393442
-0.24720805	-0.10815943	-0.27068237	-0.70437845	-0.06233988	-0.24752113	-1.49952597	-0.41998391
-0.24440785	-0.10703016	-0.26654737	-0.69882118	-0.06300438	-0.24833160	-1.49056798	-0.41613548
-0.24175912	-0.10576684	-0.26214037	-0.69304727	-0.06397569	-0.24920340	-1.48129979	-0.41250634
-0.23960492	-0.10448769	-0.25816841	-0.68701277	-0.06471037	-0.24977350	-1.47152613	-0.40878457
-0.23705207	-0.10319101	-0.25401481	-0.68124899	-0.06532922	-0.25046134	-1.46139982	-0.40480618
-0.23449028	-0.10187169	-0.24981986	-0.67509641	-0.06606452	-0.25104621	-1.45046804	-0.40109374
-0.23212597	-0.10078536	-0.24604037	-0.66910752	-0.06660822	-0.25143157	-1.43932368	-0.39752620
-0.22967061	-0.09952347	-0.24198363	-0.66281695	-0.06705775	-0.25172261	-1.42800806	-0.39353124
-0.22746988	-0.09829170	-0.23808293	-0.65635467	-0.06753560	-0.25202566	-1.41622221	-0.38976428
-0.22493503	-0.09695723	-0.23444639	-0.65000959	-0.06755704	-0.25207557	-1.40405022	-0.38617830
-0.22262823	-0.09569870	-0.23084160	-0.64338381	-0.06790025	-0.25219243	-1.39151720	-0.38248695
-0.22011596	-0.09484301	-0.22670591	-0.63694646	-0.06774507	-0.25207276	-1.37864058	-0.37860395
-0.21769991	-0.09376451	-0.22322410	-0.63028124	-0.06789212	-0.25215430	-1.36561461	-0.37517485
-0.21552321	-0.09274809	-0.21965285	-0.62356634	-0.06779921	-0.25208353	-1.35222792	-0.37165192
-0.21328666	-0.09156909	-0.21592153	-0.61666546	-0.06727024	-0.25185160	-1.33869570	-0.36770910
-0.21110723	-0.09050507	-0.21263362	-0.60981501	-0.06689257	-0.25137770	-1.32471189	-0.36422429
-0.20872720	-0.08932234	-0.20885778	-0.60294159	-0.06620835	-0.25119409	-1.31063132	-0.36064700
